,problem,layers,optimizer,solutions,parameters,time
0,"{'type': 'maxcut', 'graph': {'directed': False, 'multigraph': False, 'graph': {}, 'nodes': [{'id': 0}, {'id': 1}, {'id': 2}, {'id': 3}, {'id': 4}, {'id': 5}], 'links': [{'weight': 7, 'source': 0, 'target': 1}, {'weight': 6, 'source': 0, 'target': 2}, {'weight': 7, 'source': 0, 'target': 3}, {'weight': 4, 'source': 0, 'target': 4}, {'weight': 4, 'source': 0, 'target': 5}, {'weight': 2, 'source': 1, 'target': 2}, {'weight': 3, 'source': 1, 'target': 3}, {'weight': 8, 'source': 1, 'target': 4}, {'weight': 6, 'source': 1, 'target': 5}, {'weight': 1, 'source': 2, 'target': 3}, {'weight': 3, 'source': 2, 'target': 4}, {'weight': 1, 'source': 2, 'target': 5}, {'weight': 5, 'source': 3, 'target': 4}, {'weight': 3, 'source': 3, 'target': 5}, {'weight': 9, 'source': 4, 'target': 5}]}, 'position': {0: [-0.3530969605659351, 0.23653079210894307], 1: [-0.014831158988742517, -0.5502250464361691], 2: [-1.0, -0.1882379096458032], 3: [0.26073034696767516, 0.7833475704555309], 4: [0.3319078567906819, 0.06165714010134473], 5: [0.7752899157963203, -0.34307254658384684]}, 'solution': ([0, 1, 1, 1, 0, 1], 49.0)}",22,"{'optimizer': 'COBYLA', 'maxiter': 200, 'shots': 1024, 'parameter_strategy': 'RANDOM', 'x0': None, 'backend': <QAOA_Tester.Backend.StatevectorEstimatorBackend object at 0x7ffbc5cdf850>}","[([1, 0, 1, 1, 1, 0], -37.0), ([1, 0, 0, 0, 1, 0], -49.0), ([1, 0, 0, 0, 1, 1], -46.0), ([0, 1, 1, 1, 1, 0], -43.0), ([1, 0, 1, 1, 1, 0], -37.0), ([1, 1, 1, 0, 1, 0], -36.0), ([1, 0, 1, 1, 1, 0], -37.0), ([0, 1, 1, 0, 1, 0], -42.0), ([0, 1, 0, 0, 1, 1], -32.0), ([1, 1, 0, 0, 0, 0], -40.0), ([0, 0, 1, 1, 1, 0], -43.0), ([0, 1, 1, 0, 1, 0], -42.0), ([0, 1, 0, 0, 1, 1], -32.0), ([1, 0, 1, 1, 0, 0], -32.0), ([0, 1, 1, 0, 0, 1], -44.0), ([0, 0, 1, 1, 1, 0], -43.0), ([0, 0, 1, 1, 1, 0], -43.0), ([0, 0, 1, 0, 1, 1], -39.0), ([0, 1, 1, 1, 0, 1], -49.0), ([1, 1, 1, 0, 0, 1], -38.0), ([0, 0, 1, 1, 1, 0], -43.0), ([0, 1, 0, 1, 0, 1], -44.0), ([1, 0, 0, 0, 0, 1], -43.0), ([1, 0, 1, 1, 1, 1], -26.0), ([1, 1, 1, 1, 0, 0], -34.0), ([0, 1, 1, 0, 0, 1], -44.0), ([1, 0, 0, 1, 0, 1], -42.0), ([0, 1, 1, 1, 1, 0], -43.0), ([0, 1, 1, 1, 1, 0], -43.0), ([1, 0, 1, 0, 0, 1], -42.0), ([0, 1, 1, 1, 0, 1], -49.0), ([0, 1, 0, 0, 0, 1], -37.0), ([1, 0, 0, 0, 1, 0], -49.0), ([0, 1, 0, 0, 0, 0], -26.0), ([1, 1, 1, 1, 1, 1], 0.0), ([1, 0, 0, 1, 1, 0], -44.0), ([1, 1, 0, 0, 1, 1], -30.0), ([1, 0, 1, 1, 1, 0], -37.0), ([1, 1, 0, 1, 1, 0], -34.0), ([1, 0, 0, 1, 1, 0], -44.0), ([0, 1, 1, 1, 1, 0], -43.0), ([0, 1, 0, 0, 0, 1], -37.0), ([1, 1, 1, 0, 0, 1], -38.0), ([1, 1, 1, 0, 0, 0], -37.0), ([1, 0, 0, 1, 1, 0], -44.0), ([0, 1, 0, 0, 0, 1], -37.0), ([0, 1, 1, 0, 0, 1], -44.0), ([1, 1, 1, 0, 1, 1], -19.0), ([0, 0, 1, 1, 1, 0], -43.0), ([1, 1, 0, 1, 0, 1], -36.0), ([0, 0, 1, 0, 1, 1], -39.0), ([1, 0, 1, 1, 0, 0], -32.0), ([0, 1, 0, 1, 1, 0], -42.0), ([1, 1, 0, 1, 0, 0], -39.0), ([0, 0, 1, 0, 1, 1], -39.0), ([0, 0, 1, 1, 1, 1], -40.0), ([1, 0, 1, 1, 0, 0], -32.0), ([1, 0, 0, 0, 0, 1], -43.0), ([1, 0, 0, 1, 0, 1], -42.0), ([1, 0, 1, 1, 1, 0], -37.0), ([0, 1, 1, 1, 1, 0], -43.0), ([0, 0, 1, 0, 1, 0], -36.0), ([1, 0, 0, 1, 1, 0], -44.0), ([1, 1, 0, 0, 0, 0], -40.0), ([1, 0, 1, 1, 1, 0], -37.0), ([0, 1, 0, 0, 1, 1], -32.0), ([1, 1, 0, 1, 0, 0], -39.0), ([1, 1, 0, 1, 0, 1], -36.0), ([1, 0, 0, 0, 0, 1], -43.0), ([0, 1, 0, 0, 0, 1], -37.0), ([1, 1, 0, 0, 1, 1], -30.0), ([1, 0, 0, 1, 0, 1], -42.0), ([0, 1, 0, 1, 0, 1], -44.0), ([1, 0, 1, 0, 1, 0], -44.0), ([1, 0, 1, 1, 1, 0], -37.0), ([1, 1, 1, 1, 0, 0], -34.0), ([1, 1, 0, 0, 0, 1], -43.0), ([0, 1, 0, 0, 1, 1], -32.0), ([0, 0, 1, 1, 1, 0], -43.0), ([1, 0, 0, 1, 1, 0], -44.0), ([1, 0, 1, 0, 1, 0], -44.0), ([0, 0, 1, 1, 1, 0], -43.0), ([1, 1, 0, 1, 1, 0], -34.0), ([1, 0, 0, 0, 1, 0], -49.0), ([0, 1, 0, 0, 1, 1], -32.0), ([1, 0, 1, 0, 0, 1], -42.0), ([1, 1, 0, 0, 0, 1], -43.0), ([0, 1, 1, 0, 1, 0], -42.0), ([0, 1, 0, 0, 0, 1], -37.0), ([0, 0, 1, 1, 1, 0], -43.0), ([1, 1, 1, 0, 0, 0], -37.0), ([1, 0, 1, 0, 1, 0], -44.0), ([0, 1, 0, 0, 1, 1], -32.0), ([0, 1, 0, 1, 0, 1], -44.0), ([1, 0, 1, 1, 0, 0], -32.0), ([1, 0, 1, 1, 0, 0], -32.0), ([0, 1, 0, 1, 1, 0], -42.0), ([0, 1, 0, 0, 0, 1], -37.0), ([0, 1, 1, 0, 1, 0], -42.0), ([0, 1, 0, 0, 0, 1], -37.0)]","[array([2.18489965, 3.93444948, 3.69563946, 2.70724459, 1.42078087,
       3.72992005, 4.22755006, 5.09605598, 4.33750585, 5.65193477,
       3.09753146, 1.58916328, 0.49150082, 1.43640505, 2.69184563,
       3.5147673 , 0.76190577, 0.97337845, 1.58760439, 1.2948144 ,
       4.29369077, 1.65330867, 3.00283831, 3.49852701, 0.51229126,
       4.11682496, 6.15619813, 5.62092094, 5.44106578, 4.55779433,
       4.34148822, 1.28756814, 1.58658208, 2.042077  , 3.89151316,
       5.50256561, 3.88727937, 0.96184775, 4.80953299, 5.52533485,
       3.67049533, 0.09149637, 4.16827055, 5.07280067]), array([1.93539181, 3.16261152, 5.56393625, 4.48346359, 1.82261614,
       3.94145614, 5.04189694, 2.34721228, 5.95504517, 2.23407132,
       2.73127083, 4.13051696, 4.54643562, 4.2377667 , 3.22068046,
       6.27345109, 1.39011132, 0.11820707, 6.16840964, 1.42628012,
       0.29411529, 1.06772484, 4.10756929, 5.82799951, 3.80049857,
       3.63956494, 4.84781963, 3.45957756, 2.54789549, 0.95749663,
       6.10769978, 2.56323251, 2.00580265, 4.08464431, 3.4038778 ,
       0.60114357, 2.24611006, 0.92204153, 1.55426194, 4.36111964,
       5.21440333, 0.4390649 , 1.13907984, 1.58121035]), array([5.42563754, 2.65283977, 4.21204553, 2.18782549, 6.29376108,
       0.91719602, 5.08278252, 1.2039593 , 1.74961153, 6.74738287,
       4.50436813, 5.8518319 , 2.85956569, 2.7999402 , 2.7607138 ,
       1.34363056, 1.52720475, 5.46715384, 4.24896611, 1.16588394,
       2.03574831, 2.26482533, 1.39811457, 3.06841955, 0.73100989,
       1.52926433, 0.0395902 , 5.92509207, 4.62992736, 5.3949687 ,
       6.28186657, 2.63717827, 3.23515252, 1.27398101, 5.30709031,
       1.85789012, 4.74487098, 0.85235093, 0.77205422, 4.57653822,
       3.63585809, 4.54048772, 0.88342321, 2.28305785]), array([5.24223855, 3.06642881, 2.9733117 , 3.42395304, 5.13051955,
       2.70592203, 0.47893596, 3.78723058, 4.41778629, 2.24045087,
       6.0918103 , 2.65990286, 5.37259441, 5.42731489, 3.05244539,
       1.37332776, 1.82845534, 1.7092095 , 2.01634253, 3.86527162,
       1.59930845, 2.65756791, 5.26895944, 0.81316197, 5.58104988,
       1.70718708, 3.00145067, 2.56174897, 2.87897411, 3.79551391,
       0.32335864, 4.67733188, 2.16304822, 3.47390795, 1.4873972 ,
       2.73167516, 5.01066154, 5.81391013, 5.77838134, 3.06313086,
       5.77582984, 4.03307685, 5.03651121, 2.38831085]), array([0.35633455, 4.03432608, 2.68880968, 0.40788955, 1.45183859,
       0.98763997, 1.00075138, 3.3105561 , 5.68438493, 0.89362777,
       0.8835052 , 3.25122334, 5.99081327, 5.92699443, 0.14419388,
       5.3767082 , 1.03962061, 0.42287923, 2.82488004, 1.08231369,
       3.09192223, 2.81466577, 2.5003498 , 3.08696343, 2.75102685,
       2.6313187 , 0.10142891, 5.55460811, 4.69297093, 1.29336072,
       2.65356913, 5.5793287 , 4.71023462, 1.17923147, 2.13960667,
       0.88022339, 2.44239715, 5.78353923, 1.9188773 , 3.47932123,
       3.27493481, 0.26850201, 1.91328912, 1.67843244]), array([6.81448724, 0.60720717, 5.83755732, 4.3123679 , 4.14578198,
       0.46263979, 3.68868717, 4.70769452, 5.5653478 , 3.3056371 ,
       1.19704152, 3.49322633, 1.99502119, 5.22726808, 2.41018315,
       1.92384934, 2.17907057, 1.94149317, 4.61621208, 2.66647586,
       6.29370776, 3.34900972, 0.86657514, 2.21733884, 3.96542815,
       1.1619802 , 2.52176668, 4.17302494, 4.97066795, 6.24297196,
       2.3237338 , 5.01950149, 3.64460505, 0.34141478, 3.89589816,
       4.49584604, 2.38653163, 1.14526017, 2.17231686, 4.94591432,
       0.60905293, 3.43631849, 3.06846207, 5.44618763]), array([5.36349846, 1.25253709, 3.60813334, 5.70883702, 4.51261966,
       0.67666744, 2.34605835, 4.10557682, 4.15282387, 3.03866164,
       3.20435731, 3.88971652, 0.64010127, 0.45001246, 2.88283808,
       0.98390339, 4.79303895, 1.97623262, 3.63442064, 4.0371875 ,
       5.75781805, 2.86513386, 4.58546978, 2.62174653, 0.1985967 ,
       4.10018488, 3.30649419, 6.61899337, 0.65126446, 5.27604327,
       0.85425117, 5.9761    , 2.55256147, 5.21090924, 1.88616434,
       5.65443668, 3.29646206, 1.47324335, 2.36526782, 3.1354234 ,
       4.80777361, 2.10678408, 2.42713464, 5.32535367]), array([4.17197775, 4.79243554, 6.00378093, 6.8699657 , 5.91164687,
       1.83144366, 0.18234565, 2.10020726, 6.22874391, 4.23026164,
       2.8928186 , 5.44258954, 2.79770466, 4.68862714, 5.80269601,
       0.36104929, 2.11426921, 2.99327399, 4.28790581, 1.73416116,
       6.10627789, 2.26720222, 3.63662459, 1.82309217, 2.95649263,
       1.90680173, 3.09392489, 4.0559566 , 1.02480721, 1.60861344,
       1.79952265, 0.25940741, 1.22853387, 0.7450706 , 4.78540974,
       2.89972715, 4.8412756 , 2.62359721, 1.07202601, 0.62820743,
       4.94369865, 5.5459121 , 2.52893785, 4.60849817]), array([ 1.71764800e+00,  6.06190032e+00,  3.01196792e+00,  4.66569009e+00,
        6.41899661e+00,  5.67918699e+00,  2.41080268e+00,  4.43369297e+00,
        2.69251087e+00,  5.30496687e+00,  4.86958221e+00,  1.31851647e+00,
        5.58795684e+00,  3.87410392e+00,  3.32282674e+00,  6.21727173e+00,
        2.79537088e+00,  9.53573243e-01,  3.17654100e+00,  4.57235875e+00,
        4.09591234e+00,  5.47160382e+00, -1.22769588e-03,  4.84024014e+00,
        4.38407677e+00,  9.60054608e-01,  2.55773712e+00,  2.44048392e+00,
        1.83465863e+00,  3.52530278e+00,  1.69439788e+00,  2.34796199e+00,
        2.91160971e+00,  5.32368523e+00,  1.83685528e+00,  5.30431528e+00,
        5.90986325e+00,  4.58127620e-01,  4.77334444e+00,  5.83478503e+00,
        4.23450093e+00,  9.61523589e-01,  5.87659209e+00,  1.62392756e+00]), array([4.77319719, 3.28976629, 2.08132486, 3.36542271, 6.16971584,
       4.49831661, 3.44344603, 0.91543134, 3.75865572, 4.20728254,
       3.50451449, 4.30527855, 5.1678622 , 0.78730417, 5.64153757,
       1.92476628, 6.9473886 , 4.5895578 , 6.07726491, 3.94078294,
       1.53928148, 5.01673005, 1.78571121, 0.25725133, 4.38687094,
       3.65413095, 5.94533451, 0.64778794, 6.21464038, 1.59184842,
       3.07234348, 0.39561227, 3.44387424, 6.21640414, 4.66749142,
       1.48286831, 2.76144962, 0.52614118, 4.35810788, 2.98526076,
       5.77762966, 0.67011495, 3.20802794, 3.27816472]), array([3.87248149, 5.7436457 , 0.07453951, 5.95745477, 3.88552856,
       5.61556952, 2.13192018, 1.03288038, 0.74603957, 0.54844177,
       2.85016253, 5.24714907, 3.91680953, 5.14368528, 2.05565372,
       4.33690644, 4.16940955, 2.87954042, 3.34914431, 0.27753876,
       1.65330884, 6.02357634, 1.17168299, 0.05073456, 0.32554636,
       1.65395537, 0.70448927, 2.67287079, 6.19811261, 1.5078356 ,
       4.83060183, 0.25182707, 4.47267742, 5.11783571, 0.72880389,
       6.14545038, 4.19247742, 6.0454789 , 2.54662426, 5.62595951,
       3.36858781, 5.30125069, 0.7321929 , 3.30603478]), array([5.24672996, 5.37796747, 4.15395255, 1.89109729, 4.09029388,
       5.8906359 , 3.55074337, 1.84237061, 3.72749783, 4.83714968,
       6.12868783, 5.95919141, 2.38199216, 1.18218885, 3.24148974,
       2.59677452, 5.43814613, 0.84677945, 3.31607135, 0.32468992,
       2.53801644, 2.00275516, 2.29336558, 0.21286225, 2.25861435,
       5.19402972, 5.98738532, 2.13922425, 4.25496449, 2.30331883,
       3.33328628, 3.14632546, 3.34789986, 3.17952638, 0.73894788,
       4.73520358, 0.92664732, 4.19686097, 4.91759156, 5.25252509,
       4.13094633, 0.78442686, 3.29627951, 0.62328356]), array([4.05649307, 2.52212029, 3.41392488, 4.93623242, 5.08208124,
       4.19496169, 1.38779463, 6.0746452 , 3.27988941, 2.62475339,
       1.92489102, 5.93843572, 2.5240329 , 6.32860409, 4.02647002,
       4.62580075, 3.14436903, 4.73743694, 3.73704738, 1.5234213 ,
       1.74459611, 4.02205377, 1.67624449, 1.56223821, 5.62574169,
       4.11616203, 2.34786815, 3.90004846, 6.08281374, 3.34872791,
       1.6025812 , 1.95631943, 0.5450684 , 4.59863082, 3.78423081,
       2.48500669, 3.74334703, 1.62573579, 3.61899153, 3.00433914,
       5.9857486 , 5.95156752, 5.21066386, 3.70436993]), array([1.66371107, 3.96121579, 5.95937749, 1.76276321, 5.31498181,
       5.34395515, 1.68766368, 4.15873964, 4.43915183, 5.3811957 ,
       1.48839064, 2.26140929, 1.46022818, 2.3281254 , 5.63013781,
       6.04601624, 3.75154075, 4.05307774, 3.71296754, 2.29244072,
       5.96152106, 3.72064753, 2.77956222, 5.0638977 , 0.11803402,
       6.16949179, 0.53706519, 5.04552887, 4.48374505, 5.11189667,
       3.35175071, 1.4338884 , 5.62491384, 3.41298759, 0.29518319,
       2.59217541, 1.75324543, 1.83998137, 3.47997293, 2.45886974,
       0.39769402, 4.61975841, 1.10693043, 2.71116308]), array([1.19811339, 5.32609087, 0.2362297 , 5.77948   , 5.94781172,
       5.34304476, 3.23366003, 1.42153162, 0.45187759, 2.29645637,
       6.20659891, 5.52946714, 1.13475122, 5.56045411, 5.88862472,
       0.0607933 , 3.77979518, 0.74765346, 3.2999577 , 4.54423075,
       3.92397377, 2.03437706, 2.68341173, 5.42885276, 5.14176216,
       5.18733006, 4.14932283, 0.68831065, 3.93973971, 1.47390293,
       4.96721724, 2.77828708, 3.62442564, 6.21598234, 4.99405455,
       0.16724372, 5.34635011, 2.00565241, 1.29598693, 0.13525083,
       3.96432661, 3.11793984, 0.23637505, 3.29347117]), array([6.06642477, 3.90657798, 1.5903504 , 2.72297642, 2.83965587,
       0.78197468, 4.68669711, 1.47166125, 5.71678435, 6.24650845,
       6.08130891, 2.24509527, 0.20157808, 3.93835871, 1.98847298,
       3.14102467, 0.42386286, 0.78688642, 1.87641317, 2.40793162,
       0.17228152, 1.16268878, 4.22677549, 2.67918647, 1.94924544,
       1.67679031, 1.84168505, 6.03369566, 6.08801207, 4.40558016,
       0.61038987, 0.50883163, 2.48944592, 3.42763361, 3.2743137 ,
       5.26313154, 4.74727999, 1.4811201 , 3.67377444, 6.56850897,
       6.2041655 , 2.97644737, 2.7547936 , 3.85805598]), array([1.42916519, 1.70292157, 5.88532454, 3.69968264, 3.64700669,
       1.43308365, 1.73121666, 5.57734756, 1.35885447, 4.76730192,
       1.24251016, 3.79442039, 5.5358257 , 1.92435845, 5.86770338,
       2.37810004, 2.37129299, 2.23681655, 0.72547903, 5.24929516,
       6.05120709, 2.86220127, 3.21310866, 5.87920979, 6.25083813,
       2.72315744, 4.49078031, 2.79370743, 4.20829006, 3.56441397,
       3.10573848, 2.86093622, 5.57395911, 2.06094438, 3.78409082,
       0.58224393, 3.78502411, 1.56808536, 4.12984551, 5.25671962,
       1.04344448, 0.05366355, 4.31611385, 4.10585268]), array([0.26424082, 1.56476811, 0.2791393 , 0.94714369, 0.83894006,
       0.46687385, 6.11071734, 2.87666154, 5.20227256, 2.08167817,
       5.14973652, 3.98802038, 4.01582135, 5.30380125, 4.02885474,
       4.59000879, 0.97342892, 3.88997272, 0.5025524 , 5.68912772,
       3.34802071, 2.80404074, 1.90784134, 4.56495481, 4.08313955,
       5.34198846, 5.91697524, 1.67786344, 4.91208168, 5.55704483,
       5.9673193 , 1.40286511, 5.22622945, 2.57322177, 2.17991915,
       0.67549859, 2.29541131, 5.98398529, 4.63192019, 5.69715361,
       6.1214175 , 0.46646572, 4.23745234, 3.57546005]), array([4.49466175, 3.24963873, 2.92751646, 2.63973985, 4.81958328,
       1.51860351, 5.80657947, 2.43376409, 2.43849725, 0.92711998,
       5.11726148, 0.99940118, 0.66635099, 5.54528865, 1.2739085 ,
       4.90625604, 2.16263161, 1.542683  , 0.67029984, 5.39766949,
       0.29767821, 1.2532354 , 2.54419718, 0.02140452, 4.48985005,
       5.31176263, 5.25215082, 1.08193638, 5.49597769, 2.83298919,
       0.85045228, 4.09140301, 0.01230265, 0.19953804, 4.98219149,
       0.0932779 , 3.8943008 , 2.12188218, 3.34532909, 1.23756217,
       3.08774073, 4.59139646, 5.21788796, 3.14503813]), array([4.07593657, 4.50085694, 2.73523185, 5.53109614, 1.46050908,
       5.53480104, 3.58052463, 2.29093071, 4.5784715 , 4.34119359,
       5.58169701, 2.86720373, 4.35813871, 4.88147249, 2.12974367,
       1.18039661, 4.99411795, 0.32590789, 4.11040152, 1.39264784,
       5.3020813 , 2.72567726, 3.00929375, 4.52619727, 5.96019184,
       6.11795727, 5.7130574 , 4.64869576, 6.27666247, 2.18396054,
       1.79018477, 6.23375046, 3.20631099, 0.25760031, 0.38701575,
       1.1357094 , 0.03581273, 0.23503464, 2.34835802, 2.6101522 ,
       6.15812723, 2.54449803, 1.43127987, 2.31461179]), array([1.73336226, 1.74481044, 1.97071311, 5.49220729, 2.2433599 ,
       2.93725964, 4.03367562, 5.89067983, 3.36505776, 6.15183331,
       3.02484485, 0.85329389, 2.99328171, 5.01200569, 1.25866143,
       1.94678966, 6.34019095, 0.81642205, 2.43307868, 5.84043421,
       1.64583487, 5.33483313, 5.60738768, 6.13780841, 0.53493923,
       3.84904369, 5.89051311, 5.72192829, 0.995771  , 2.2382625 ,
       5.80273882, 1.61764795, 4.12699963, 0.72066621, 3.88455009,
       1.38067029, 2.94120699, 0.01504567, 4.13491088, 5.34501901,
       5.83955031, 3.68263053, 4.99616067, 3.07757418]), array([2.65072752, 7.22673182, 3.29370201, 5.65887879, 4.40954685,
       3.78484847, 3.9962876 , 5.08032192, 0.78042073, 5.98116236,
       0.74511157, 0.9649622 , 2.78437247, 1.4160156 , 2.21482788,
       3.49065877, 4.59018468, 3.29402485, 3.4143745 , 0.75236095,
       4.99519092, 3.83754775, 3.61367851, 4.91503313, 5.13549581,
       0.9754029 , 4.97902058, 3.80105969, 2.27574139, 6.29245982,
       4.78204163, 0.32358987, 2.40007709, 5.43312832, 3.49638465,
       1.07528378, 3.76831048, 6.09189672, 4.08457562, 1.46207412,
       5.23296208, 4.34671653, 2.41094078, 0.57239381]), array([5.88191762, 3.33286375, 3.19322298, 6.11622454, 3.54270678,
       4.25495985, 0.16445175, 2.48902967, 2.28207169, 0.41314836,
       2.67799981, 3.53445115, 2.4915886 , 2.86310284, 1.09683859,
       3.01841245, 0.17725138, 0.97033224, 7.08997695, 0.59864227,
       2.28595552, 3.93423082, 3.44239837, 2.13595335, 2.14405287,
       2.52260974, 3.04930048, 0.72591831, 5.99098271, 1.61708938,
       5.5898865 , 3.71763711, 3.74317028, 4.06016687, 1.20341177,
       2.24917607, 1.28191313, 0.59359878, 0.2582069 , 1.96711041,
       5.5064152 , 5.14116225, 0.63485331, 1.47322252]), array([6.27877393, 6.31117191, 0.24932721, 5.11206127, 2.84774372,
       5.5594092 , 4.66379699, 3.16241486, 4.7108664 , 0.39343876,
       4.09278883, 3.37328283, 1.1731951 , 0.35285807, 1.10835301,
       6.09290196, 5.31466718, 1.30252826, 4.85131817, 0.55019794,
       3.61002222, 1.38098366, 4.15095078, 0.22239484, 5.01266231,
       4.75941693, 5.37657836, 0.43353512, 6.01307437, 2.00729596,
       1.70198234, 5.26280515, 5.76351621, 0.10103877, 1.80824265,
       6.39797927, 3.91442189, 2.0472357 , 4.72644608, 1.52982224,
       1.61521686, 0.28233636, 2.18422278, 0.74126776]), array([5.36612322, 3.31008756, 2.28383581, 3.82955208, 4.78418282,
       0.519272  , 5.83942674, 6.19334067, 0.89065691, 5.39419489,
       2.24052827, 1.81629362, 4.47030104, 0.87536078, 4.84174644,
       2.69967854, 5.43729377, 1.43355275, 1.23250513, 3.66232111,
       1.48624549, 2.25761632, 0.99203323, 4.35066826, 6.02912928,
       3.74214617, 1.96262084, 2.51485871, 2.99910471, 3.52389915,
       4.64675782, 5.57709427, 3.82569152, 0.94360207, 6.2149732 ,
       1.20836996, 2.39418673, 4.47974554, 2.09960177, 0.54772742,
       6.1311651 , 3.43721132, 1.53060789, 3.63434438]), array([0.631392  , 3.79537902, 5.76991682, 1.22291365, 5.04095514,
       2.99020841, 2.84683537, 4.71551768, 3.49158281, 4.62307386,
       5.95093302, 2.02566363, 2.96026611, 5.55462967, 1.12661767,
       3.60661093, 6.28942178, 0.23560837, 3.5700558 , 5.3209816 ,
       2.95156388, 5.58700585, 4.43936977, 3.09550387, 0.86644892,
       3.97327965, 1.85297416, 1.19819803, 0.25447288, 3.53383392,
       0.04540004, 5.13118753, 1.03539503, 3.81911336, 2.11681498,
       2.40551578, 3.05071267, 4.05321747, 3.99534094, 4.10680408,
       2.83055974, 1.87214809, 6.26249223, 0.3500869 ]), array([4.75924496, 0.55640723, 1.75770955, 0.35012997, 1.9103259 ,
       1.30403604, 4.01829342, 3.56823251, 4.59169015, 5.73785886,
       3.44304415, 4.1919957 , 5.67909531, 2.73610232, 0.0772516 ,
       5.57438794, 5.92127007, 5.70336907, 0.41510935, 3.63530316,
       3.9346023 , 0.5679213 , 5.04162476, 3.25447701, 0.55855822,
       5.38271491, 4.67073739, 5.97715896, 1.87871087, 5.00001591,
       0.93695249, 5.98249394, 4.2973083 , 4.22614837, 0.71519386,
       4.4899736 , 5.61310952, 0.60788866, 3.16816956, 6.26071565,
       0.79614527, 2.95574166, 0.92626878, 1.76709897]), array([6.16613455, 2.52779953, 5.39338131, 4.00278199, 5.04816034,
       6.24533806, 0.82881411, 4.81679127, 1.05926081, 4.32895628,
       4.69688583, 0.48513077, 1.31702399, 2.65441129, 0.9252786 ,
       0.8084404 , 2.00944956, 4.87064425, 1.60078264, 5.81057288,
       0.93814985, 3.94300905, 5.73025118, 4.22875132, 5.44004433,
       1.10687853, 6.27044243, 3.46767325, 3.553043  , 5.64336772,
       5.61858196, 5.05367789, 0.57688159, 1.81933887, 4.36994001,
       5.00782159, 0.88152254, 1.6670662 , 4.96599283, 2.50511763,
       1.0757497 , 4.64640124, 3.23750162, 5.74204766]), array([4.57756083, 1.24187324, 2.89017218, 0.53982379, 2.26956279,
       2.6866634 , 4.08506705, 4.29741326, 6.06673165, 3.38077444,
       4.29808349, 2.36798916, 4.40784069, 3.74511385, 2.72037244,
       1.17905715, 5.17306159, 5.84691289, 0.08062888, 2.41672821,
       4.74561497, 0.05481201, 0.33623432, 2.32491058, 3.717596  ,
       1.20106792, 3.33580802, 5.90987301, 3.96854398, 5.7706879 ,
       2.20715047, 0.25107112, 5.16629118, 3.02691839, 5.26343036,
       3.7486236 , 0.84039747, 1.67134232, 1.83261904, 1.60963473,
       4.84679027, 3.7205442 , 2.07848634, 7.08319814]), array([ 2.45585354,  0.42796128,  6.06102853,  6.10303827,  5.5593338 ,
        5.04033495,  2.92073229,  1.96574755,  3.71673738,  5.72428171,
        4.21782885,  2.20508122,  3.25115033,  5.30756748,  2.307559  ,
        6.40424044,  3.8940877 ,  0.47596365,  2.465407  , -0.03984033,
        1.97760009,  2.39322336,  5.84344058,  1.75471538,  4.23915894,
        3.58651729,  2.25567702,  5.17067951,  4.21838206,  2.87769903,
        1.8681556 ,  0.08732313,  4.84781583,  1.45955336,  0.31014889,
        4.75875323,  5.8019846 ,  2.68226616,  1.34004327,  2.09138093,
        0.17262484,  5.98233836,  6.19172152,  0.42555359]), array([7.18357224, 6.47941067, 3.62572791, 2.80162359, 1.88334152,
       5.89981944, 1.19663916, 5.75290627, 4.19942645, 3.95053864,
       0.03228802, 1.68514516, 2.37173935, 6.10111389, 2.8933681 ,
       2.73961851, 4.28288337, 2.45958583, 5.48129627, 0.308135  ,
       5.48147001, 2.97698716, 4.00262398, 1.21072963, 4.5735876 ,
       0.69831126, 2.14839423, 6.11027897, 4.51143475, 5.45157904,
       1.73746778, 3.78099148, 0.28191885, 3.36396679, 0.78985244,
       3.60053798, 1.62105593, 2.7634608 , 4.14736906, 2.14133272,
       6.02569864, 4.45479491, 5.97661084, 3.01315206]), array([5.29842798, 1.00731365, 0.23420929, 5.92322668, 0.26496066,
       1.05599898, 1.40370758, 1.08258363, 5.3474841 , 1.152193  ,
       0.8073712 , 6.10749551, 3.89145613, 4.9163903 , 4.21030213,
       2.93393464, 0.79492483, 1.56313857, 1.04253439, 5.98867807,
       5.06098825, 3.64624995, 2.03982363, 6.21517743, 0.01296257,
       4.27829405, 3.92385935, 4.79601402, 2.72502494, 4.31432419,
       1.26456278, 3.9034304 , 1.79854759, 4.46922635, 4.58399258,
       1.0199655 , 4.92832823, 0.3898568 , 4.22073783, 0.68083168,
       3.76167438, 3.96677859, 1.9711559 , 3.60654783]), array([ 1.72414106,  5.52411874,  3.76924774,  1.62567357,  4.72127904,
        5.92709799,  5.7247763 ,  4.84174217,  1.56377122,  4.12402752,
        6.64694022,  4.78087375,  1.51402834,  0.83111235,  3.74417277,
       -0.0518314 ,  0.03561007,  5.4719331 ,  3.3930123 ,  3.77443057,
        1.73066394,  4.24537655,  3.33402112,  4.25618319,  2.30669567,
        2.40714397,  3.69635659,  4.63373765,  3.67090861,  1.67607258,
        3.09598198,  4.35468759,  3.66044467,  3.52349063,  3.08146421,
        5.91413267,  2.53833854,  6.13476796,  1.26180554,  3.72590252,
        2.66413725,  0.03382541,  5.17092167,  4.52127992]), array([5.2720978 , 1.98902154, 3.26336789, 0.408618  , 4.36511695,
       0.46749024, 2.87020662, 1.35737166, 4.46724676, 0.81156221,
       3.13102537, 4.72275253, 1.74774174, 3.58454092, 1.50519338,
       6.15067394, 1.34972413, 0.74679886, 3.64568993, 3.43508202,
       4.1081088 , 5.52750079, 3.88981076, 0.3495748 , 5.69816104,
       6.23304189, 1.3815836 , 4.03434419, 5.87765091, 1.52493693,
       1.0944249 , 5.58993244, 0.12713331, 1.22152003, 4.42243234,
       0.15316751, 1.00442977, 2.8065119 , 0.5623304 , 5.03834773,
       5.56872659, 3.61753753, 1.72086948, 1.87366225]), array([3.50980874, 5.32124676, 2.29785505, 4.17845137, 2.68998211,
       5.15490775, 1.5214568 , 1.80602754, 2.51179103, 1.03828343,
       3.70133794, 3.97641782, 5.25968233, 1.54049809, 1.53448862,
       0.68764137, 1.62609291, 4.95781748, 3.29443057, 2.53196222,
       3.77528378, 4.53011886, 1.16935017, 0.03437619, 0.78446311,
       2.23669269, 0.30718723, 0.07542365, 4.28155065, 4.31951304,
       4.78885929, 3.13598752, 3.60779515, 0.91946402, 1.27938126,
       1.6214728 , 5.59689308, 0.640052  , 6.02590389, 3.79670938,
       2.8123338 , 0.12055236, 2.20958051, 0.8956649 ]), array([5.58686039, 2.43683519, 6.51020619, 1.22330277, 0.21534943,
       5.05523736, 0.69062748, 1.14327303, 1.88931404, 1.1708791 ,
       4.16088216, 6.23486113, 6.12743531, 5.75273332, 1.35246175,
       2.76937239, 0.36776765, 5.95474138, 2.25847675, 4.56011094,
       2.42851193, 4.24969418, 3.09463172, 6.15597181, 2.95090256,
       5.96431038, 6.03174837, 4.42317289, 4.31525419, 1.73083109,
       5.39046232, 6.2070881 , 2.82364069, 5.59347123, 2.05286877,
       6.04330434, 3.60404387, 5.11961322, 4.07344402, 6.13521448,
       0.44171943, 0.62227978, 3.43182783, 2.10451224]), array([ 7.0390941 ,  6.01352991,  4.29500783,  3.73388742,  1.77369016,
        3.52140764,  1.08675797,  3.18380077,  6.02249033,  0.49742605,
        5.19923008,  3.66414317,  0.13601962,  0.14728327,  3.89877168,
        1.44391776,  0.68247735,  5.7809224 , -0.02220026,  0.47449132,
        5.75535128,  0.10649345,  6.40978911,  5.55018543,  4.09088329,
        3.59449465,  0.83427254,  1.58495912,  0.05739268,  3.04919894,
        4.67708086,  3.57716214,  2.69743749,  3.40981154,  5.18941208,
        4.08407773,  4.97372893,  1.5515593 ,  1.32486536,  6.22200475,
        5.09400337,  2.58162545,  1.71348583,  3.03748775]), array([5.62250964, 3.06098701, 5.74340428, 3.85960719, 7.15706517,
       0.55066086, 1.97430658, 3.88001804, 0.94622014, 4.61452572,
       5.32042778, 5.74730724, 2.39367913, 2.95362171, 3.90686754,
       0.92878894, 0.72284483, 6.21853927, 2.1500065 , 1.22353482,
       4.71333439, 5.76185863, 3.04996974, 3.2858506 , 3.37825603,
       5.81578248, 5.74502568, 3.83428218, 4.43399517, 4.00440834,
       4.71884946, 1.5804046 , 5.91173744, 0.08542668, 4.43469773,
       2.21101391, 1.37352762, 4.53668169, 0.0306923 , 4.2434358 ,
       4.92078618, 3.2039156 , 4.44347146, 0.98854403]), array([0.99450102, 3.8031187 , 1.73616583, 0.36294883, 6.0198048 ,
       6.24287914, 4.40871296, 5.19861902, 3.20753278, 4.66696518,
       3.6620129 , 0.92651469, 0.09946987, 5.29263667, 5.53289208,
       0.78321495, 3.43845308, 2.06031073, 1.91789758, 2.39218497,
       1.12774842, 0.74817747, 0.90655699, 3.04111623, 3.88574035,
       2.82281886, 1.42151133, 0.93821723, 0.44457188, 4.21339136,
       5.55644637, 2.18787555, 5.91753066, 4.54430507, 5.54788759,
       3.00119011, 5.81823481, 2.9637574 , 1.77501748, 2.91957866,
       4.20952785, 0.98533343, 3.55670333, 1.88281085]), array([6.67485939, 1.40651792, 2.394062  , 4.16764383, 5.08219626,
       1.14677068, 5.02549105, 1.76384789, 3.12860615, 4.11576617,
       1.20940567, 3.84838192, 3.1650915 , 5.4619397 , 3.51801967,
       4.60588708, 4.42901426, 0.64753298, 2.95977872, 1.52743694,
       4.4735851 , 1.86716154, 0.67579017, 3.92407014, 4.11195345,
       6.05216336, 5.68892655, 4.40570687, 2.88895252, 4.10047508,
       0.62794626, 0.60733042, 5.75135402, 2.37167575, 3.71491291,
       0.99429864, 6.15015476, 2.27691363, 2.48166019, 4.57726865,
       2.52870902, 3.14583053, 4.83724975, 2.15660747]), array([5.23333607, 5.86561532, 4.60249565, 4.619225  , 5.31057088,
       4.80744191, 5.71140542, 0.40015256, 4.94000269, 1.11993891,
       1.95740934, 2.72231238, 3.48480172, 2.96425832, 1.6609082 ,
       4.5608653 , 4.13324227, 3.17147235, 3.89866662, 4.91947771,
       1.6067385 , 5.17240642, 3.50451477, 5.61772493, 5.91842765,
       4.37144906, 0.99998932, 4.83329356, 0.23293887, 2.03110169,
       1.82820648, 4.35249951, 6.17937394, 2.02319472, 5.366274  ,
       1.41169035, 0.1341926 , 1.04469909, 6.14170879, 2.07956966,
       1.334043  , 5.84129969, 0.77185073, 5.02859396]), array([2.44739653, 0.50954526, 0.30354273, 2.77031792, 3.46795809,
       2.55116063, 3.28888807, 3.34925492, 1.0250657 , 2.40492804,
       0.95203187, 1.29169758, 0.74955735, 0.86847038, 1.48538283,
       5.49486935, 4.17208202, 5.75720166, 5.71661937, 5.49755161,
       0.50710383, 1.4185348 , 5.29935306, 3.58484982, 3.94085149,
       2.75874093, 5.51255379, 2.70381759, 2.36949557, 5.64479468,
       5.14441832, 1.87747976, 4.06267268, 1.53447244, 4.25402237,
       5.71933857, 2.84535597, 5.71398549, 2.34537911, 6.03968653,
       0.84878776, 6.23452121, 1.87324987, 2.13828352]), array([ 1.44493945e+00,  2.52826654e+00,  3.31490448e+00,  2.20584742e-01,
        2.00718765e+00,  1.91304930e+00,  1.94700039e+00,  3.71139103e+00,
        3.23708344e+00,  3.87586115e+00,  8.89744096e-01,  3.74419610e+00,
        5.79358390e+00,  5.25172976e+00,  3.53192343e+00,  2.95540021e+00,
        8.61661507e-01,  3.09584255e+00,  5.70650913e+00,  3.57164562e+00,
        5.75667014e+00,  1.36125312e+00,  4.82081270e+00,  3.77566893e+00,
        5.16020715e+00,  4.89021043e+00, -2.53331742e-04,  5.29046124e+00,
        4.86462297e-01,  3.08147350e-01,  1.06415838e+00,  4.91028590e+00,
        2.47551439e-01,  3.90606966e-01,  3.95716136e+00,  3.15587358e+00,
        4.66220446e+00,  1.88995648e+00,  5.32677529e+00,  5.20577114e+00,
        2.03260369e+00,  1.05218153e+00,  4.75406309e+00,  2.25758845e+00]), array([ 6.40117947,  6.71289461,  5.88371213,  0.9091279 ,  1.95099467,
        4.59400725,  4.45611601,  1.10812365,  1.83812489,  3.97747613,
        0.3161274 ,  4.39915399,  4.60878056,  2.37352956,  0.3107284 ,
        2.32259982,  5.09877708,  5.58030077,  4.00224578,  1.63266964,
        0.22273631,  5.06453313,  4.85803193,  0.73293234,  3.52227315,
        4.21152651,  4.297244  ,  7.02759428,  5.99510883,  0.9592262 ,
        0.55190596,  5.8346809 ,  1.61110207,  4.91439984,  4.15730022,
       -0.01084937,  6.28051745,  6.0023162 ,  4.57084473,  4.99363609,
        6.10002106,  3.24297785,  5.92097986,  3.00051652]), array([1.35761189, 4.88972015, 1.3920186 , 4.01589235, 5.49767303,
       7.06267214, 1.47252949, 0.79684633, 5.09448182, 6.06134882,
       5.87632414, 4.78914727, 0.25785477, 3.38159047, 3.23645162,
       1.55391197, 0.57908066, 1.50150943, 2.02204478, 4.1350288 ,
       3.2566741 , 1.50583004, 6.12943237, 0.93877416, 4.24031132,
       5.07999787, 2.93246623, 3.74577272, 0.86126727, 0.21888335,
       6.21150384, 0.81764092, 3.83335926, 0.24232002, 5.36654421,
       2.84480132, 5.61385665, 1.61811681, 3.59658998, 0.45587183,
       2.58602637, 2.62987414, 0.37204041, 5.98471614]), array([4.60005725, 5.87112611, 2.36693213, 5.13445771, 3.46005093,
       2.85797376, 1.31496153, 3.79340145, 3.35928606, 5.82525356,
       1.82470002, 4.86939924, 4.47503255, 5.34947266, 1.78117363,
       4.69621681, 5.0329928 , 1.5960617 , 6.23105896, 3.31175666,
       6.09108213, 0.22514034, 3.97659896, 2.5940751 , 3.82356966,
       1.82500477, 3.28432052, 1.10391635, 4.65930186, 5.39243791,
       3.13378209, 3.83051324, 5.50322949, 3.54295941, 0.94755023,
       4.70834083, 4.26917944, 4.33566185, 2.14268609, 0.50270859,
       5.10388612, 0.06651904, 4.75513113, 4.69467182]), array([0.54782701, 4.62347571, 3.65498952, 1.91000318, 3.20296233,
       3.80805402, 6.18053811, 3.27811645, 2.1004867 , 4.85050197,
       3.21092243, 4.00584014, 1.82015521, 2.65434594, 0.9775718 ,
       0.44491025, 1.30076285, 5.80420508, 3.97393429, 5.68784328,
       3.02859157, 3.27896143, 1.66266813, 6.16509982, 1.46341553,
       4.91595712, 0.779951  , 5.9043701 , 1.31649405, 4.97965942,
       2.26168122, 5.63525295, 3.23892487, 3.50289652, 2.93670864,
       0.709976  , 1.45202607, 2.78193636, 0.37450387, 0.75718398,
       0.35872111, 5.44691729, 6.51822998, 5.26050025]), array([4.62530348, 5.48022864, 1.29733575, 3.4955839 , 1.1948282 ,
       2.53475568, 1.49655646, 5.85820361, 3.01152193, 4.1114657 ,
       0.93189989, 4.12674159, 1.86777419, 4.33126783, 2.91444491,
       3.52255097, 1.91761941, 5.85362024, 4.10747554, 5.58854784,
       1.95859999, 3.06598433, 0.37788299, 1.3250173 , 2.38165077,
       5.61182789, 2.64453546, 2.30098752, 6.12801928, 3.36638008,
       4.54694055, 2.01880692, 1.81852003, 2.26951931, 3.20166862,
       2.68540056, 4.09522554, 0.21970939, 3.29275038, 2.32872357,
       1.70963874, 4.38953266, 3.16271761, 2.58655557]), array([4.85577075, 4.8173402 , 2.30882792, 2.38168634, 4.04489111,
       0.2907957 , 1.38835067, 4.72962212, 0.32890332, 0.97664334,
       5.86459455, 3.13217136, 0.22460634, 1.32405871, 5.57247878,
       3.81947416, 4.28269648, 2.86936597, 4.61362101, 6.21273906,
       3.60166111, 3.67255757, 2.06506072, 1.26364567, 1.48989619,
       2.64201404, 5.72566804, 1.01117771, 4.23551202, 4.37859523,
       3.37708474, 2.24846922, 4.0231923 , 4.83584826, 1.37946844,
       5.1648195 , 3.23952646, 2.67946208, 4.79693928, 3.02502505,
       4.59124703, 2.18345097, 0.46406963, 2.80993469]), array([1.1816218 , 3.63797513, 1.09079924, 3.96474516, 5.32197542,
       4.59073596, 0.76627685, 5.62764299, 7.06718727, 5.59121349,
       6.1893607 , 3.14937299, 3.74859766, 1.63350312, 3.21222595,
       3.16958073, 5.05543335, 3.61296425, 2.15881524, 3.19965104,
       1.02233899, 5.20024399, 4.73880594, 5.10669833, 3.8855816 ,
       3.50926983, 2.44249389, 0.68652132, 5.43304185, 4.32269816,
       0.25364868, 0.91964673, 4.07132173, 6.20786204, 1.76331642,
       3.65733078, 3.23659726, 5.27226177, 0.75608571, 6.13982611,
       4.56640374, 2.88434554, 2.16805305, 0.86761837]), array([3.35679634, 4.38456514, 6.21314176, 1.11507803, 2.68981971,
       0.71275863, 5.31694139, 1.91068154, 6.25149789, 0.98093306,
       3.52823177, 2.62082252, 5.64878448, 1.00857832, 6.37963967,
       4.92255552, 4.12848821, 4.20041503, 5.06901123, 2.41673516,
       0.26081459, 2.49328048, 0.20976116, 4.50339422, 1.05653694,
       2.66790725, 7.2563602 , 0.14491259, 6.12258146, 5.97611504,
       4.60593755, 4.23963507, 2.67201657, 2.75519579, 1.4653611 ,
       3.13009693, 0.22442489, 1.60571655, 3.47011361, 1.37184937,
       0.79841415, 5.20632969, 2.70790168, 4.76322147]), array([2.55201854, 4.84789668, 3.7245606 , 3.50684115, 2.39403188,
       3.4249204 , 4.84258756, 3.08214242, 0.84726048, 1.3382683 ,
       5.03842138, 1.13580702, 3.50493691, 5.03771851, 5.891806  ,
       2.95229744, 6.15057377, 4.81848855, 5.56478972, 2.66965574,
       0.24304804, 4.84699081, 4.80994913, 2.69455308, 3.18914261,
       2.68832908, 3.77330451, 0.35372178, 0.97541355, 2.9238569 ,
       6.07481606, 5.3690273 , 5.99042457, 2.91593708, 1.89583277,
       4.22862687, 1.95520061, 2.55699032, 6.28316285, 2.678225  ,
       3.44972304, 1.10510765, 2.28060298, 5.00707074]), array([5.62772783, 1.10645102, 4.16054961, 1.2071435 , 6.0956422 ,
       5.13278832, 4.27262795, 4.79156004, 0.84277438, 3.28575537,
       3.39635993, 2.82155385, 4.99702271, 1.41636409, 5.73326302,
       5.77364457, 3.22970237, 3.14638764, 6.80746815, 3.42356655,
       0.90056257, 2.98378687, 3.50870042, 1.50296752, 2.68913916,
       3.67592922, 5.76461233, 3.06324454, 2.06183723, 0.56957966,
       4.95068366, 0.54219017, 1.74115543, 3.15074849, 1.8602347 ,
       1.37519538, 5.60712874, 5.37888921, 0.05409707, 5.84837344,
       4.46678458, 1.29451189, 2.66074746, 3.08317308]), array([4.78757402, 2.08184939, 3.99647935, 0.4364657 , 1.68065607,
       4.96434436, 4.88401159, 2.43957775, 2.17793774, 3.91355024,
       2.25888056, 1.79996741, 4.6269251 , 1.00787564, 3.7705315 ,
       1.7469519 , 3.99485345, 4.84435952, 3.67202111, 3.533282  ,
       6.09961418, 2.72812199, 1.65194621, 2.71016791, 3.85130985,
       1.71800526, 4.51467454, 1.52538906, 2.98052748, 3.41245486,
       1.90026545, 0.13376673, 3.77619417, 0.2234536 , 5.56761379,
       4.69208242, 5.88558217, 2.4957512 , 0.18921109, 3.64777364,
       1.21046098, 4.02253645, 1.07567786, 0.43805974]), array([5.09822442, 5.86693147, 6.05155817, 6.22543782, 5.60186917,
       5.23678818, 5.61979966, 2.88306137, 1.58111495, 5.07688683,
       1.596373  , 6.17061441, 6.12238563, 5.94851683, 5.53899459,
       1.16363421, 3.98230504, 2.11679278, 5.0113755 , 3.87069489,
       4.09628958, 1.67200922, 4.3851894 , 3.19576786, 5.21733627,
       4.98948863, 3.73768174, 1.76187813, 4.88324227, 3.06069847,
       4.43234809, 6.33415252, 1.55948009, 1.47614501, 4.45933711,
       4.92181511, 1.31157889, 1.5612142 , 4.17056983, 0.22410237,
       0.39964406, 2.6059925 , 1.14156257, 1.08852668]), array([4.72619263e+00, 4.08696093e+00, 2.88638570e+00, 1.03921498e+00,
       5.16938645e+00, 3.88821426e+00, 4.71085616e+00, 1.64943484e+00,
       5.83445062e+00, 1.26950363e+00, 1.27462383e+00, 1.76417818e-01,
       3.38206328e+00, 2.83272376e-01, 6.66048585e-02, 2.14471569e+00,
       5.87084822e+00, 4.07815999e+00, 6.37479143e+00, 2.23163479e+00,
       3.59380839e+00, 5.69179698e+00, 5.71881122e+00, 2.71688271e+00,
       2.88559217e+00, 3.70876114e+00, 3.65925085e+00, 4.45764000e+00,
       5.18024205e+00, 2.09572305e-03, 6.08564387e+00, 1.45138005e+00,
       5.19997544e+00, 2.95246835e+00, 5.61493016e+00, 1.90118174e+00,
       1.64411050e+00, 5.48529971e+00, 5.96231582e+00, 3.03366662e+00,
       4.69222405e+00, 2.09419060e-01, 1.66357177e+00, 4.44359726e+00]), array([1.34917964, 0.62721927, 2.73124438, 2.85872649, 2.82844038,
       7.13195218, 4.34863456, 4.39989543, 5.31805622, 5.15156219,
       3.6500669 , 4.56094012, 5.4205502 , 0.01492638, 0.84592246,
       4.14905016, 3.08137717, 1.79150398, 0.03956666, 0.73373633,
       5.70453648, 5.84472625, 1.57518611, 3.88365013, 0.42108766,
       4.75233123, 2.5226727 , 5.13540332, 4.94285267, 0.50544551,
       0.8489201 , 6.19706782, 0.5224958 , 5.58464964, 4.23675405,
       0.71607698, 4.11040607, 1.02046505, 2.87482527, 1.99273007,
       1.96475113, 0.95077929, 0.6863769 , 4.01720711]), array([ 3.90090079,  4.97832862,  0.23960832,  5.98055052,  6.11375687,
        4.52475252,  5.83496872,  5.79412097,  4.57847728,  0.89225058,
        2.62384898,  5.62558928,  3.11197864,  3.09692798,  1.1220846 ,
        5.11031067,  4.01232235,  1.77397701,  1.424143  ,  1.31076498,
        4.90606047,  5.0391712 ,  3.91878743,  0.17805965,  5.12446325,
        6.08857309,  0.62840497,  6.37854304,  1.47879607,  4.85139612,
        5.90103801,  2.35414946,  2.49858669,  0.77414583,  0.91969121,
        1.10157588,  3.34901239, -0.02909152,  2.37427339,  2.73787309,
        0.24674211,  5.51223272,  4.57024478,  5.41695453]), array([3.28913452, 5.54730996, 6.08850665, 3.56620771, 6.05195556,
       3.04575157, 6.30218287, 4.45981878, 4.0885656 , 6.15724577,
       0.27762219, 3.24689339, 3.73571076, 1.74135007, 3.16285702,
       5.43738657, 6.02894873, 0.32682301, 5.24965954, 1.84972053,
       3.51762452, 2.80302792, 2.20214248, 5.53377456, 2.66467457,
       4.51481294, 5.93371429, 6.18109893, 5.6086208 , 3.02198351,
       1.53695118, 1.92082571, 4.17398305, 1.20147862, 2.3439634 ,
       0.89159175, 0.74877231, 5.90354525, 1.57245043, 1.17699489,
       5.18687684, 5.59030038, 0.6139903 , 1.89859162]), array([3.14006756, 2.02884838, 3.97632407, 1.81233976, 2.06838949,
       4.16768243, 1.69710379, 0.98044693, 0.15907415, 1.54397486,
       0.73076621, 0.93476222, 6.16034542, 4.82926183, 2.78536357,
       4.39000236, 3.23135576, 1.87991428, 1.39948262, 4.42522991,
       5.25418427, 5.01877388, 0.45586664, 3.01202498, 0.11629912,
       5.85521915, 5.52603968, 2.85587538, 3.98709269, 2.56261239,
       0.18930547, 5.74304329, 4.96055474, 0.95780963, 5.93127404,
       2.85579196, 1.38631628, 0.89616472, 3.04055057, 5.54765056,
       5.3741096 , 3.9711759 , 2.21219967, 1.92131632]), array([3.32984104, 2.91975219, 0.51058495, 2.76492705, 1.80736506,
       5.56600158, 1.16725928, 0.31019584, 6.05698441, 1.58340293,
       1.3284804 , 5.33614225, 5.42661968, 2.76336313, 1.21224241,
       0.25284329, 0.44881948, 3.02868797, 2.29801498, 6.21206682,
       4.21020146, 3.83867598, 2.42727603, 3.6763717 , 1.32716856,
       4.76825079, 5.62878056, 1.20764087, 2.64752944, 3.80049913,
       5.91711799, 2.82113754, 3.73676278, 0.89610789, 1.41036756,
       5.53730462, 3.46140832, 3.62582401, 1.90840429, 4.74028489,
       1.62494953, 1.45186917, 2.93010976, 5.16636797]), array([4.23922354, 5.8820659 , 5.60179435, 3.19952226, 5.97722408,
       5.14166326, 4.6343767 , 5.46150211, 5.34382095, 5.45916908,
       1.2378174 , 4.03723803, 0.78373265, 4.7247834 , 2.6443689 ,
       3.14833642, 2.31858588, 1.64285008, 1.63466569, 3.34788977,
       4.9348059 , 3.66895477, 1.2815507 , 1.30381917, 1.23593376,
       0.95220906, 2.09581913, 5.13146615, 2.80740951, 5.19171254,
       4.0450634 , 0.7112575 , 0.73254637, 0.65825474, 0.56617181,
       3.41011324, 4.27380383, 0.72314278, 5.02760137, 4.18669017,
       2.52337044, 2.07624601, 4.01942202, 3.04861415]), array([1.44042559, 1.40521037, 5.66494829, 5.30340835, 0.74916709,
       7.11335728, 1.06773459, 5.79494899, 0.28007526, 0.4394518 ,
       4.22904537, 1.6992512 , 6.25579413, 1.68263637, 2.22567007,
       5.93116194, 5.22887633, 1.31987349, 5.87741695, 5.18226023,
       3.010027  , 2.62409444, 3.52272118, 2.49928531, 5.35138711,
       3.72489043, 4.70552471, 1.81721052, 3.02734257, 2.88115555,
       3.63367799, 0.6268669 , 1.09465917, 1.11490623, 4.40307423,
       5.76729561, 2.11385409, 1.71147674, 3.24417587, 3.88147203,
       4.31468376, 3.81465631, 0.96279696, 3.70189838]), array([4.75287216, 2.77313381, 2.47544439, 3.73136267, 5.77728079,
       4.87480287, 2.07382714, 5.68413131, 4.64662542, 3.06577603,
       2.72553728, 0.10820454, 4.83595313, 6.0758878 , 2.37230344,
       4.36373923, 3.78008429, 2.27484816, 3.80988966, 4.33689934,
       4.44348301, 0.8749875 , 5.75259524, 4.10272936, 0.65407089,
       5.57066697, 5.32340775, 6.11785987, 2.18625286, 1.60616925,
       0.70552322, 4.4462091 , 3.17386843, 0.14969799, 6.09494367,
       3.59899409, 0.28239949, 2.97377157, 3.83130722, 5.85432388,
       3.46943201, 5.5266987 , 6.14821703, 3.48248755]), array([4.14843455, 5.03583505, 4.89631115, 6.81520287, 6.33730201,
       0.64300812, 3.70189674, 0.47733382, 5.55223546, 2.40292322,
       1.082448  , 4.56197795, 0.98640141, 5.48502731, 0.71287748,
       4.84994618, 2.16066005, 2.04473583, 1.62095947, 5.06005237,
       3.30863705, 1.94524049, 5.12720011, 3.50629449, 3.17206789,
       4.86803173, 4.75227221, 4.80374651, 2.70457403, 5.77586815,
       3.00771247, 3.5418719 , 1.19528694, 5.27347907, 6.27429549,
       6.20212534, 4.66366613, 0.78000566, 0.49866387, 4.50338182,
       2.69164496, 1.33633957, 3.62514569, 3.94197562]), array([1.08088869, 5.64346258, 2.67259545, 1.66685521, 3.29536924,
       4.82850967, 6.07892261, 3.88343928, 3.79790168, 3.84188276,
       0.23402992, 0.13028664, 4.2246569 , 2.29477896, 0.68745254,
       3.15638423, 3.73556416, 2.2911733 , 5.50867061, 2.14881479,
       1.48361839, 4.14167084, 0.60623409, 5.32932096, 5.93014474,
       2.20377747, 5.77233285, 4.74359157, 1.65817802, 0.3781928 ,
       5.47807949, 3.74384766, 3.00509452, 5.11044257, 4.51768444,
       2.07353999, 1.03328769, 0.10802461, 2.158619  , 4.40314666,
       5.72459696, 5.87456285, 4.33852289, 4.17946253]), array([5.32900436, 2.30166559, 0.3555599 , 5.69556045, 1.51193497,
       6.66725055, 2.6063061 , 4.74322024, 1.33277999, 1.73254321,
       4.25601008, 4.35576556, 3.08144355, 4.21659701, 6.03025458,
       0.96367652, 3.58447278, 2.49430587, 4.46080507, 0.4150148 ,
       5.23979589, 4.62512815, 1.14876758, 3.58994221, 4.4524451 ,
       0.31619697, 4.17312382, 4.65303281, 4.66499771, 3.01574284,
       2.33822756, 3.76553919, 1.47840481, 4.78555153, 4.31176016,
       5.5256359 , 0.72095828, 4.04757963, 0.76165374, 3.71582322,
       1.53842889, 0.30486593, 0.39954624, 3.27241217]), array([5.59953687e+00, 3.04078200e+00, 2.84907831e+00, 5.41978884e+00,
       5.76066620e+00, 5.72700831e+00, 2.21251586e+00, 5.83396157e+00,
       1.29651703e-03, 8.66077860e-01, 4.67074567e+00, 4.56859267e+00,
       5.27927008e+00, 2.93790044e+00, 5.09420920e+00, 1.35563271e+00,
       2.37435242e-01, 2.05259198e+00, 2.16492584e+00, 3.62457048e+00,
       2.51212223e+00, 3.12544222e+00, 2.86320903e+00, 4.30539414e-01,
       1.40891935e+00, 1.23648561e+00, 1.17434697e+00, 1.40500311e+00,
       5.66663273e+00, 4.75331857e+00, 3.70592706e+00, 1.49336507e+00,
       3.59152542e+00, 4.84223596e+00, 1.74273218e+00, 3.84085746e+00,
       5.99400616e+00, 2.42857388e-01, 5.75582960e+00, 3.03141564e+00,
       3.07890596e+00, 5.40835517e+00, 5.68393215e+00, 5.24518143e+00]), array([0.36772722, 0.98744997, 5.47925939, 2.37055079, 3.40532197,
       2.59147815, 2.17068139, 6.21382217, 5.07937315, 0.31912696,
       6.01151194, 0.20511879, 5.16116607, 0.0896211 , 1.93085155,
       0.1577275 , 2.55101077, 3.15269679, 5.18801551, 2.86584445,
       0.0442137 , 2.61115005, 5.9240856 , 4.97100455, 4.17200623,
       1.34877323, 0.15115984, 1.66017387, 3.47394714, 1.43603908,
       1.04582302, 2.8709992 , 1.96982101, 2.01069146, 1.6970202 ,
       1.62370072, 2.35755402, 1.84613915, 1.52460967, 2.43844215,
       6.12392956, 1.55285778, 3.90896931, 2.7693394 ]), array([5.472539  , 4.00750702, 0.08301626, 0.83097611, 5.02288562,
       5.61515989, 3.64626081, 1.68018544, 3.62908157, 5.37743886,
       6.12284993, 4.98018482, 6.0528338 , 2.59290707, 1.42793587,
       3.58452314, 2.04071687, 3.87952642, 1.79645574, 3.06726134,
       5.0258165 , 5.28588728, 6.05820073, 3.20934361, 0.55579772,
       3.01504833, 1.95004762, 4.80246972, 4.34843777, 1.33196799,
       6.01799993, 2.94418909, 2.93447353, 6.11931855, 3.29146629,
       4.62288494, 5.53677368, 5.11360459, 0.60824205, 0.46036255,
       4.414041  , 2.2382816 , 6.24432261, 1.66006182]), array([ 2.19732325,  1.1803546 ,  4.01014508,  6.83420343,  1.18640457,
        3.55867002,  6.07249819,  0.78369357,  5.3353947 ,  5.34949377,
        1.38711204,  1.22868422, -0.08281968,  4.73014359,  0.75453967,
        2.16840478,  2.73699737,  1.71635544,  1.93627921,  3.23700797,
        1.28062627,  1.16052426,  5.92597964,  5.40565397,  4.66519588,
        3.03051759,  6.08880063,  5.0850914 ,  1.34655027,  1.54152081,
        5.29192125,  1.41690593,  2.64618836,  2.89041684,  5.51066136,
        5.29908245,  3.87784454,  6.01801664,  0.25947412,  4.66054825,
        0.13432624,  2.04010824,  4.11145697,  4.44354108]), array([6.63483074, 3.87381654, 1.16031375, 0.65452978, 3.97566766,
       2.6922927 , 2.03954668, 2.85664715, 3.72246312, 3.71793682,
       1.16436992, 5.9943965 , 5.82558859, 1.25894709, 1.82635138,
       2.41943821, 5.39398224, 1.28489575, 5.49521598, 4.83767304,
       2.90402319, 4.15070279, 3.99388446, 0.34103388, 5.0230756 ,
       1.35816331, 5.50231829, 1.70926158, 4.95478952, 3.99008582,
       5.34650615, 2.55833139, 3.56704905, 2.61854001, 3.36636609,
       0.87380146, 1.112906  , 4.4787918 , 4.64653126, 0.11481726,
       2.25269844, 2.80905048, 1.20324944, 1.9553669 ]), array([5.73392109, 3.08701139, 2.01091249, 6.03414494, 4.5236206 ,
       1.06396886, 4.20428725, 2.89264791, 5.43304983, 2.77645998,
       5.06462395, 5.7960354 , 6.76355548, 5.67823829, 5.98179887,
       4.80111499, 5.3534378 , 4.04664614, 0.74473831, 0.87848108,
       2.25004219, 2.03477763, 2.50318805, 3.83262056, 3.98362469,
       0.31360139, 5.46425236, 5.69363588, 5.57414093, 4.6621481 ,
       1.95919269, 5.85739966, 3.96664431, 4.35749905, 2.86189379,
       2.08477175, 1.20695322, 5.49261247, 6.05609474, 3.01028259,
       5.75729312, 1.46786771, 1.61222213, 5.85553501]), array([1.31017199, 0.86345349, 6.11959541, 3.7416259 , 4.68472437,
       0.59374659, 1.41719688, 0.71465267, 4.65671867, 0.84359723,
       0.28564936, 3.45278514, 3.42709507, 0.63764857, 0.53600195,
       0.27502137, 2.70289318, 2.51788548, 4.52156787, 0.65379821,
       5.27230035, 3.80657213, 3.48005032, 3.65181555, 3.56287426,
       5.95682619, 5.34642667, 4.95717445, 4.96053747, 1.75482731,
       1.51714366, 3.05031572, 2.64905567, 5.99768365, 3.92217427,
       2.6077288 , 6.18705841, 2.39240274, 2.99983202, 1.5281739 ,
       0.61567906, 0.03851008, 0.74906551, 0.05144417]), array([ 5.51001535,  1.48585564,  6.49504612,  0.77975837,  4.14937205,
        4.36956475,  3.80912398,  4.08994044,  5.56106542,  0.38308094,
        2.16031566,  1.56130681,  0.5267939 ,  5.74252401,  2.38048314,
        3.80534411,  1.68071612,  5.27533422, -0.24655945,  0.75635961,
        3.52185767,  5.87372341,  1.29574811,  4.8116996 ,  5.92830623,
        3.00275117,  4.02733064,  0.88147692,  4.89368733,  1.74284992,
        0.98375635,  0.95547501,  4.95142433,  4.40320719,  4.72467205,
        5.23236912,  1.528181  ,  3.7359089 ,  3.55226115,  0.788817  ,
        5.3456451 ,  1.57213538,  4.81184746,  2.75258083]), array([4.76174875, 3.99440792, 4.47562652, 0.57458438, 3.85840191,
       4.46484387, 2.92330128, 5.61854198, 5.7030493 , 0.22854571,
       2.03769881, 0.12175725, 6.07551344, 5.98007484, 3.91246292,
       5.2692899 , 4.22701907, 3.42959854, 4.62276228, 2.90265562,
       3.78958816, 0.05403115, 1.70994651, 2.45138985, 6.18883934,
       5.46706336, 1.62429719, 4.55237005, 3.01807718, 2.86970745,
       3.04867904, 3.32353624, 0.59952437, 5.57691394, 3.70767895,
       2.44836502, 1.34977042, 0.39281849, 0.63762537, 0.05496639,
       1.19322312, 2.7999842 , 1.900738  , 3.7570816 ]), array([6.96593515, 3.3249083 , 0.4071684 , 2.38548721, 5.79953695,
       5.36869833, 2.79017767, 5.52488269, 2.06829156, 3.15505256,
       3.04400252, 2.83239943, 0.71882249, 1.57918042, 4.1444655 ,
       5.16771215, 0.89615238, 1.84711113, 0.08986999, 5.76178555,
       0.3597588 , 2.64272998, 5.26068855, 1.21731556, 0.9545603 ,
       5.92371892, 4.55616579, 6.00826109, 1.72410091, 4.84237635,
       0.32138701, 2.5164423 , 1.32880086, 6.21320535, 1.54053712,
       3.51337699, 0.14030172, 5.17480062, 6.25407924, 1.41852582,
       3.04007074, 6.06852432, 0.59651132, 1.24864317]), array([3.36251512, 3.99318961, 0.97801551, 1.40231097, 5.48384324,
       6.05350671, 2.59284218, 0.45780665, 1.91588503, 6.70245886,
       2.2902806 , 3.26373175, 3.55910033, 5.85899132, 4.42230062,
       1.58841757, 2.92709016, 4.71374122, 5.12624746, 5.96001942,
       2.96827096, 3.2207264 , 2.71386605, 0.34416632, 1.45185423,
       0.34623549, 2.06771436, 0.37105887, 3.54017087, 4.99474877,
       5.04680353, 0.32534533, 4.61894439, 5.784627  , 3.50374351,
       4.52952463, 1.41453534, 4.89331194, 2.50888321, 0.98473808,
       3.86613486, 6.04165459, 2.72517066, 3.03128944]), array([2.25973502, 5.13539933, 5.21181114, 0.64197784, 4.57583866,
       4.46297693, 3.62841904, 4.56567054, 3.76887051, 5.55671886,
       3.61726234, 5.46044329, 2.52146786, 1.78646679, 0.03890003,
       5.85028475, 1.82027494, 3.49993338, 3.29822081, 4.15732788,
       2.81631086, 1.7008162 , 1.03034645, 6.16873466, 3.62798264,
       6.73221322, 1.59756122, 4.66429699, 1.6461651 , 1.17096782,
       4.44705591, 5.4384612 , 2.54348097, 5.32775474, 3.32369148,
       1.88667334, 6.07566473, 3.69136535, 3.29370833, 2.06619937,
       1.14921389, 3.73329862, 5.53917157, 0.47632376]), array([4.9204401 , 2.19979982, 7.03552072, 1.22755393, 2.4186992 ,
       5.39501309, 3.88959881, 1.01955066, 3.66363026, 4.30819767,
       4.13595946, 5.4244566 , 4.02906731, 5.64830495, 1.01441599,
       5.4109137 , 3.7214388 , 4.62690211, 4.96037302, 1.90487294,
       5.63079576, 4.08011893, 0.74419121, 4.356675  , 1.85288203,
       1.1204202 , 6.20521184, 2.56001141, 4.66016171, 1.4331692 ,
       2.9486444 , 0.27203914, 3.62911259, 6.21486539, 4.79573664,
       1.65933964, 2.35738935, 5.0924346 , 0.80113976, 0.94182725,
       2.09280618, 4.60389717, 5.9087764 , 4.32489781]), array([1.11576423, 0.54058788, 4.22824519, 5.92202583, 1.62070242,
       3.51557175, 4.46671425, 1.64007834, 3.7429809 , 5.74147842,
       3.27290499, 1.66243777, 4.79228358, 5.25974938, 0.46305629,
       1.13825453, 4.32007504, 0.18951044, 2.06914187, 0.09733947,
       4.76715188, 0.26472395, 5.57595895, 2.52565489, 0.08736666,
       0.93907329, 5.12063006, 1.77640489, 3.44865011, 0.94898639,
       4.04896366, 5.71210685, 3.40071296, 1.58962411, 6.14266593,
       4.61239957, 0.75809614, 1.24355159, 6.08166964, 3.61736322,
       1.00646884, 6.2627349 , 3.23653645, 3.48365862]), array([2.42600856, 4.07048319, 4.73075218, 2.95121102, 5.62325906,
       4.75066237, 5.87636424, 5.71097028, 4.53655476, 3.92682316,
       1.03747009, 2.99214094, 4.03578707, 5.67920555, 1.14853754,
       2.19879821, 5.1395021 , 0.11051073, 5.38858204, 0.18865652,
       2.16310893, 3.78643966, 5.56822885, 4.14767588, 3.39875564,
       5.21719584, 5.27446244, 3.8016863 , 1.44043649, 2.08162127,
       3.7609059 , 1.17542184, 2.97888776, 1.04588521, 3.16326225,
       1.3275321 , 3.01061938, 1.9508423 , 2.46241195, 4.70986792,
       1.64192957, 0.68724513, 4.51103598, 4.24385127]), array([5.07893785, 1.33200095, 5.80365829, 3.23761082, 3.32223083,
       0.72370355, 6.21474761, 4.1645591 , 5.82430854, 4.06292056,
       4.54940678, 0.1622424 , 0.59048651, 5.26254429, 3.87373179,
       6.00309123, 3.85279046, 0.19636587, 0.0400722 , 0.33184361,
       1.95214288, 5.16617427, 1.07406581, 4.36083865, 5.84741358,
       4.41317384, 3.68413949, 5.94987615, 4.4662338 , 1.39249786,
       3.71844361, 4.39566939, 2.24249098, 0.1047399 , 1.49446062,
       0.33943903, 6.18050878, 0.35025526, 0.70558081, 5.76624582,
       5.90725614, 4.02436465, 3.85324618, 3.71515278]), array([5.45325947, 2.80600967, 2.39902595, 4.54504619, 2.82891544,
       3.43652552, 3.80937226, 3.64798241, 0.21728833, 1.59912838,
       4.42540156, 4.70245387, 5.94089956, 2.46934323, 3.33336994,
       5.36168872, 3.35195357, 2.53927661, 3.98937462, 1.52476601,
       1.22630877, 0.17667376, 3.16816742, 4.02191065, 2.09621094,
       0.03728457, 4.08882525, 2.91444253, 6.23738405, 1.31458752,
       0.4181628 , 3.7550291 , 6.09348174, 5.12598912, 0.92136102,
       0.50711497, 2.64827351, 1.88708795, 3.11102964, 0.91643334,
       5.68958789, 0.71165419, 2.48460347, 4.21859872]), array([ 5.5074678 ,  1.9836556 ,  1.27308599,  1.02645533,  4.70206575,
        1.37184806,  2.47592976,  0.74887526,  1.53818295,  0.89068706,
        0.0860268 ,  4.96528943,  6.12377813,  2.26555316,  3.07468864,
        2.18987331,  2.37100354,  2.25103137,  5.80604431,  3.62429517,
        2.81276288,  4.29696183,  1.67304049,  5.08547758,  3.51579887,
        0.40606464,  5.49292081,  5.23811767,  0.2692744 ,  1.21839528,
        0.66787027,  3.84216982,  0.9543672 , -0.02654719,  4.89347767,
        0.47437441,  1.49926496,  2.0591806 ,  3.96886007,  4.90238733,
        2.87945229,  1.52117008,  5.76605435,  1.55064038]), array([3.39952805, 5.785367  , 3.75685898, 3.01124718, 2.89465167,
       3.66904845, 1.07413   , 0.92544954, 1.90846237, 3.75199785,
       2.02644104, 6.01344225, 3.87242013, 1.45220544, 5.50492034,
       1.97122051, 2.71313221, 1.97822269, 5.20395892, 3.71073267,
       5.36844504, 2.83781842, 6.21990229, 0.58514825, 3.90990656,
       4.52755008, 2.55156672, 2.21349548, 5.39663046, 2.95157611,
       5.46956065, 5.76694152, 2.82140898, 2.24885985, 0.52747147,
       5.39195772, 6.27827317, 4.22365663, 3.67924598, 2.3953975 ,
       3.55272781, 5.80638865, 3.62624043, 4.56790379]), array([ 4.16775645,  2.46136985,  0.97646977,  5.99391284,  4.75534782,
        5.8598502 ,  1.41527177,  7.12794526,  0.24984022,  4.82175266,
        5.86345215,  5.44197419,  4.84693374,  6.22824341,  1.46955291,
        4.2271479 ,  0.07851868,  4.70187268,  0.03445993,  2.98873424,
        4.4887104 ,  1.43567429,  2.53385087,  3.9009132 ,  3.06517385,
        4.34949907,  4.7795326 ,  0.62122585,  5.9713313 ,  5.16450105,
        3.29275108,  2.30631212,  4.68523385,  5.65908961,  0.76906151,
        1.05939916,  1.90284197,  2.37569454,  5.07976043,  1.96915779,
        5.73866082, -0.06729688,  4.67993936,  6.0553978 ]), array([1.74548686, 0.4052713 , 4.97368712, 4.0991105 , 2.96379259,
       4.49004448, 3.20989601, 4.31121985, 2.03131092, 3.79197084,
       3.73311679, 4.2071968 , 0.36760402, 2.93153127, 0.77584819,
       2.91151018, 5.47394832, 4.71316106, 2.39773989, 4.24203765,
       2.55962644, 2.31813103, 3.63719012, 4.702889  , 1.66666478,
       4.20711558, 5.50746848, 0.18223397, 1.76143073, 2.62683317,
       0.75482015, 4.25616141, 5.24846793, 5.29827792, 3.27251986,
       0.661815  , 1.53977389, 0.39078636, 1.87430289, 4.16388033,
       3.35790402, 5.19606792, 1.50640875, 3.4362267 ]), array([5.51082009, 5.42918713, 0.16884282, 2.98352372, 1.85598275,
       3.97051348, 3.99923535, 4.46025818, 0.40129201, 3.63408636,
       0.64032503, 4.78584401, 5.08487355, 1.33813049, 6.24388496,
       0.83168361, 6.09973816, 3.98383657, 5.65996329, 2.58219873,
       5.37447571, 5.77756723, 4.5887208 , 1.43733922, 5.72437433,
       2.31970426, 5.61449659, 1.56635498, 5.26500261, 4.66288163,
       2.91756123, 1.63239992, 4.44218716, 4.04898657, 2.93828308,
       1.0781717 , 5.24818813, 3.01485131, 4.18290063, 2.80065365,
       2.17939749, 3.46577356, 1.66997283, 5.98819846]), array([4.73842037, 0.49300115, 1.76641344, 0.9177165 , 3.28120767,
       0.13370412, 3.86225162, 1.66111781, 4.12148528, 0.23650869,
       5.50758931, 5.19177921, 4.48195413, 3.59098835, 3.10140271,
       3.8023756 , 4.26435767, 6.04293546, 3.33068859, 3.69419365,
       5.89127829, 3.57983776, 2.54576527, 4.60013358, 5.89392014,
       6.40649588, 6.15862909, 4.38049962, 4.47915883, 4.32409226,
       5.01083899, 3.07976749, 4.44668599, 2.48074451, 4.28927214,
       1.16703648, 2.85742629, 2.54349249, 2.11239081, 6.14747307,
       2.05550235, 5.9697668 , 1.63556285, 0.5238398 ]), array([3.72499282, 3.15859487, 5.00662951, 2.71966325, 5.14482626,
       3.12801279, 0.73757072, 2.76424952, 2.19346188, 5.27658336,
       1.1567201 , 4.53334113, 3.84418696, 4.3539779 , 3.63842908,
       5.50412389, 2.19790851, 1.40962073, 3.17695498, 3.53401025,
       3.42747224, 3.41720934, 1.14143201, 1.20048842, 5.00342227,
       2.19353765, 3.65722785, 4.67570144, 4.90619838, 0.53483043,
       3.75017482, 3.63693281, 0.13596914, 1.78365435, 5.57881086,
       2.34321858, 1.62492462, 1.11640638, 2.09830367, 1.91379563,
       2.84215888, 4.3288538 , 4.06095408, 2.70650752]), array([1.51909671, 1.36834399, 6.09503422, 5.7458642 , 5.13929481,
       0.60699339, 2.87722035, 6.26411347, 0.11319998, 0.88511918,
       5.23219341, 2.07695909, 4.98192851, 0.60719796, 3.75168157,
       5.53456522, 4.11458997, 2.08489608, 3.86004777, 3.44170601,
       4.64805742, 0.16193665, 4.33851834, 0.85897415, 3.85270211,
       2.70559925, 5.28833108, 3.35729345, 2.36931103, 5.57951051,
       0.99247019, 4.11148727, 1.70961735, 3.93109782, 0.6974951 ,
       4.25605599, 2.61027985, 4.67709778, 2.15716274, 2.63260634,
       0.5967778 , 5.60946332, 3.61601687, 0.05173827]), array([4.09462925, 4.14517319, 4.68553723, 3.30225572, 6.19993609,
       5.55330013, 5.05640837, 6.12104275, 7.05944086, 5.60246146,
       0.52509228, 5.58402666, 2.55006451, 0.78568659, 2.71893525,
       1.75814689, 6.09025741, 1.34787381, 3.39918808, 0.47164429,
       3.37502668, 4.18993481, 5.59530189, 1.67595279, 3.93442315,
       6.18137412, 4.12443129, 4.84679928, 5.90933929, 4.07742098,
       3.40540628, 5.15042761, 1.73073848, 1.06032726, 4.93119806,
       6.10550361, 1.71291261, 5.17321189, 2.14575421, 2.76351977,
       6.22364108, 0.06357815, 4.92253358, 3.48406048]), array([2.23064   , 5.53071563, 1.03094037, 6.25207396, 3.31943977,
       3.03751256, 5.07753049, 2.07076195, 2.28939998, 3.34319297,
       5.15494024, 6.02640641, 4.17388153, 3.87603763, 0.36462099,
       5.90690014, 3.9262013 , 2.77674817, 2.86282595, 2.32667211,
       1.22470263, 2.61990449, 2.14449416, 0.73124471, 4.85589385,
       7.22346194, 5.11482305, 4.83852701, 6.13434691, 5.7419107 ,
       5.09085493, 1.16314815, 5.37697752, 1.00760799, 2.3667643 ,
       5.59379483, 4.70681692, 0.83730459, 5.19058121, 3.24133819,
       0.24028786, 2.07890275, 5.44601826, 4.29459346]), array([0.59869482, 4.88775371, 5.22687255, 0.77857541, 0.69033989,
       1.20096743, 2.85356993, 4.86641586, 5.94132077, 4.34969815,
       3.47342002, 5.88384088, 3.67450619, 5.06541994, 6.04928983,
       3.53039446, 6.50550338, 3.15355852, 3.69237238, 1.22689901,
       2.48683237, 4.82026212, 5.66813483, 5.43095001, 5.73118482,
       0.30195105, 4.9932756 , 2.77040432, 4.53090063, 1.53127197,
       1.96051018, 4.48091578, 2.3052133 , 5.11589365, 4.2644157 ,
       6.00132774, 4.02932092, 4.66949851, 0.89240043, 5.18099734,
       2.19223467, 5.85124653, 1.64689202, 2.64764338]), array([2.52483941e+00, 3.55301386e+00, 4.87008120e+00, 6.83869988e+00,
       5.57235184e-03, 6.01714374e+00, 2.03324518e-01, 5.11926230e+00,
       2.38578076e+00, 4.57207751e-01, 3.43526566e+00, 1.51252101e+00,
       4.49933275e+00, 1.29405225e+00, 1.13156428e+00, 5.95470044e+00,
       2.11813246e+00, 4.57188645e+00, 3.56925517e+00, 3.65059845e+00,
       4.01886889e+00, 3.62511337e+00, 4.19205448e+00, 5.92495674e+00,
       4.20529460e+00, 5.45332636e-01, 1.61126284e-01, 5.85323228e+00,
       5.30442022e+00, 6.05323137e-01, 3.80471697e+00, 1.34595939e+00,
       2.06383813e+00, 4.42401116e+00, 3.15122074e+00, 1.44428507e+00,
       4.37792972e+00, 1.22052902e+00, 2.48834743e+00, 5.97548277e+00,
       4.02036241e+00, 4.96418084e+00, 1.83198534e-01, 2.15958446e+00]), array([5.92133565, 0.32482448, 4.00497053, 4.04624741, 6.02252739,
       2.27210125, 5.76651441, 4.8697699 , 3.52534381, 1.05789514,
       1.47318749, 3.45960682, 3.49488298, 4.3996148 , 5.20218274,
       1.13647165, 4.28399818, 3.6079311 , 1.50340452, 4.60426922,
       4.13854727, 0.89361555, 3.56380673, 4.33719213, 0.15756767,
       2.73196231, 1.16742818, 1.35271984, 0.60381287, 0.9554864 ,
       5.05768604, 4.07859205, 0.69019686, 3.64221842, 1.36338445,
       1.82147838, 0.72381246, 2.94672086, 4.70297234, 0.93020613,
       2.38048746, 3.19177839, 2.7714063 , 4.70065676]), array([3.79644092, 5.39476104, 0.57592608, 1.15171162, 0.75031712,
       2.39014904, 3.01372632, 3.00378857, 5.5277711 , 3.40068983,
       3.76841684, 1.65179913, 1.77802355, 5.81861869, 5.57688729,
       3.39856724, 1.43484729, 2.86501417, 1.0141155 , 3.88790843,
       3.87311638, 5.89304441, 2.51004812, 5.86094916, 4.84946456,
       6.06899467, 0.73574149, 0.50727897, 1.07094693, 0.12064126,
       0.17622058, 4.14314171, 0.82424041, 5.63326099, 1.08239019,
       2.71277473, 0.65924516, 3.21800789, 3.18364927, 5.70648471,
       1.10233598, 5.62885195, 4.94575088, 1.95918988]), array([4.32240476, 2.42243371, 0.03084838, 1.04970607, 3.42631754,
       2.28278506, 3.80172054, 2.49780812, 2.34086555, 1.36605312,
       5.27395299, 1.46985598, 5.96330563, 4.43654071, 3.4678472 ,
       3.21269817, 3.53088294, 2.69745951, 5.57894512, 1.2133854 ,
       3.52939479, 1.37316616, 1.3876395 , 0.5580713 , 5.80757855,
       2.09227835, 1.08693052, 5.26654324, 2.64853744, 2.97051289,
       0.71185507, 3.57011516, 5.52665353, 3.68748211, 3.80000405,
       4.13610101, 1.87994675, 5.25259366, 5.17573132, 1.8252402 ,
       0.90318475, 3.56337147, 4.20232347, 2.19421977]), array([2.6587322 , 7.26418989, 5.35955603, 6.0200284 , 3.17456345,
       4.6609166 , 3.9005911 , 2.69584836, 2.29482265, 2.29857127,
       4.54188101, 0.27247741, 2.57039963, 1.87060902, 0.93097762,
       3.93120485, 2.43967857, 4.98248335, 1.06949082, 3.4412275 ,
       5.59824988, 4.44605563, 2.40626659, 0.26803782, 3.03125463,
       4.22720887, 3.49430669, 1.17033814, 3.39736232, 3.43463341,
       1.33707639, 2.81573149, 1.28436224, 1.80993429, 1.27364399,
       2.93842921, 4.26327588, 4.88876654, 4.28490422, 0.40718095,
       4.8393875 , 3.35356785, 3.55670405, 1.53642891])]","[101.10746788978577, 100.45917987823486, 101.87793302536011, 100.67988848686218, 102.11736869812012, 99.22920751571655, 100.02613735198975, 99.52381205558777, 99.23479270935059, 100.69831371307373, 100.05357027053833, 101.2031307220459, 101.47292804718018, 100.27056431770325, 100.16767644882202, 99.64426922798157, 100.753977060318, 101.48530387878418, 99.99246430397034, 101.52675986289978, 101.9112057685852, 99.39601612091064, 99.44962930679321, 99.5301456451416, 99.59390592575073, 100.9097695350647, 99.16209745407104, 98.95281744003296, 99.56395363807678, 99.38931441307068, 100.1689612865448, 100.36822319030762, 98.6865382194519, 100.85680317878723, 100.89732217788696, 99.88437795639038, 99.36515641212463, 99.13359212875366, 99.53933262825012, 100.37802839279175, 100.63516211509705, 102.15915608406067, 103.39017534255981, 101.05752158164978, 100.1037905216217, 100.75954222679138, 100.71384906768799, 99.55651092529297, 99.45327401161194, 98.55672121047974, 101.64998030662537, 98.94528675079346, 98.5960602760315, 100.443922996521, 99.7689471244812, 98.95932412147522, 100.63461422920227, 99.35024809837341, 100.83748459815979, 99.70834398269653, 100.1595938205719, 100.76581811904907, 100.87562489509583, 100.75019979476929, 99.8616406917572, 101.57002806663513, 100.37242484092712, 100.76410984992981, 99.13409662246704, 98.854243516922, 99.2429347038269, 98.98420357704163, 100.79107475280762, 99.2802004814148, 98.83026599884033, 101.05525779724121, 100.81832313537598, 99.91245198249817, 100.11447310447693, 100.21860551834106, 101.64748406410217, 100.11744952201843, 101.21406888961792, 100.55673027038574, 100.03631496429443, 99.08804130554199, 103.11031532287598, 99.8698182106018, 102.73500895500183, 101.38959741592407, 99.35237646102905, 101.41470909118652, 101.91181302070618, 98.97790741920471, 99.53946161270142, 99.31754207611084, 99.4217472076416, 99.12495279312134, 100.06818628311157, 102.28337740898132]"
