,problem,layers,optimizer,solutions,parameters,time
0,"{'type': 'maxcut', 'graph': {'directed': False, 'multigraph': False, 'graph': {}, 'nodes': [{'id': 0}, {'id': 1}, {'id': 2}, {'id': 3}, {'id': 4}], 'links': [{'weight': 1, 'source': 0, 'target': 1}, {'weight': 7, 'source': 0, 'target': 2}, {'weight': 1, 'source': 0, 'target': 3}, {'weight': 7, 'source': 0, 'target': 4}, {'weight': 9, 'source': 1, 'target': 2}, {'weight': 7, 'source': 1, 'target': 3}, {'weight': 5, 'source': 1, 'target': 4}, {'weight': 6, 'source': 2, 'target': 3}, {'weight': 1, 'source': 2, 'target': 4}, {'weight': 5, 'source': 3, 'target': 4}]}, 'position': {0: [-1.0, 0.19306311148226846], 1: [0.6487986200945854, 0.17922345757500216], 2: [-0.23059649502081692, -0.5189640061498542], 3: [0.672239837510958, -0.5713801483347366], 4: [-0.09044196258472671, 0.7180575854273197]}, 'solution': ([0, 0, 1, 0, 1], 39.0)}",18,"{'optimizer': 'COBYLA', 'maxiter': 1200, 'shots': 1024, 'parameter_strategy': 'RANDOM', 'x0': None, 'backend': <QAOA_Tester.Backend.StatevectorEstimatorBackend object at 0x7f290e9a3640>}","[([0, 0, 0, 1, 1], -27.0), ([1, 0, 1, 0, 0], -25.0), ([0, 1, 0, 1, 1], -25.0), ([0, 0, 0, 1, 1], -27.0), ([0, 1, 0, 1, 1], -25.0), ([0, 1, 0, 1, 1], -25.0), ([0, 0, 0, 1, 1], -27.0), ([1, 0, 1, 0, 0], -25.0), ([1, 0, 1, 0, 0], -25.0), ([0, 0, 0, 1, 1], -27.0), ([0, 1, 0, 1, 1], -25.0), ([0, 1, 0, 1, 1], -25.0), ([1, 0, 1, 0, 0], -25.0), ([0, 1, 0, 1, 1], -25.0), ([1, 1, 1, 0, 0], -27.0), ([0, 0, 0, 1, 1], -27.0), ([0, 1, 0, 0, 1], -30.0), ([1, 0, 1, 0, 0], -25.0), ([0, 0, 0, 1, 1], -27.0), ([1, 0, 1, 0, 0], -25.0), ([1, 0, 1, 0, 0], -25.0), ([1, 0, 1, 0, 0], -25.0), ([0, 0, 0, 1, 1], -27.0), ([0, 1, 0, 1, 1], -25.0), ([0, 1, 0, 1, 1], -25.0), ([1, 1, 0, 1, 0], -39.0), ([0, 1, 0, 1, 1], -25.0), ([1, 0, 1, 0, 0], -25.0), ([0, 1, 0, 1, 1], -25.0), ([0, 1, 0, 1, 1], -25.0), ([0, 1, 0, 1, 1], -25.0), ([1, 0, 1, 0, 0], -25.0), ([0, 1, 0, 1, 1], -25.0), ([1, 0, 1, 0, 0], -25.0), ([0, 1, 0, 1, 1], -25.0), ([0, 1, 0, 1, 1], -25.0), ([0, 0, 0, 1, 1], -27.0), ([0, 1, 0, 1, 1], -25.0), ([1, 0, 1, 0, 0], -25.0), ([1, 1, 1, 0, 0], -27.0), ([1, 1, 1, 0, 0], -27.0), ([1, 0, 1, 0, 0], -25.0), ([0, 1, 0, 1, 1], -25.0), ([1, 0, 1, 0, 0], -25.0), ([0, 1, 0, 1, 1], -25.0), ([0, 1, 0, 1, 1], -25.0), ([1, 0, 1, 0, 0], -25.0), ([1, 0, 1, 0, 0], -25.0), ([1, 0, 1, 0, 0], -25.0), ([0, 1, 0, 1, 1], -25.0), ([0, 0, 0, 1, 1], -27.0), ([1, 1, 1, 0, 0], -27.0), ([1, 1, 1, 0, 0], -27.0), ([0, 1, 0, 1, 1], -25.0), ([0, 1, 0, 1, 1], -25.0), ([0, 1, 0, 1, 1], -25.0), ([1, 1, 1, 0, 0], -27.0), ([0, 1, 0, 1, 1], -25.0), ([1, 0, 1, 0, 0], -25.0), ([0, 1, 0, 1, 1], -25.0), ([1, 0, 1, 0, 0], -25.0), ([1, 0, 1, 0, 0], -25.0), ([0, 1, 0, 1, 1], -25.0), ([1, 1, 1, 0, 0], -27.0), ([1, 0, 1, 0, 0], -25.0), ([0, 1, 0, 1, 1], -25.0), ([0, 0, 0, 1, 1], -27.0), ([1, 0, 1, 0, 0], -25.0), ([1, 1, 1, 0, 0], -27.0), ([0, 1, 1, 0, 1], -33.0), ([1, 0, 1, 0, 0], -25.0), ([1, 0, 1, 0, 0], -25.0), ([1, 0, 1, 0, 0], -25.0), ([1, 0, 1, 0, 0], -25.0), ([1, 0, 1, 0, 0], -25.0), ([0, 1, 0, 1, 1], -25.0), ([0, 0, 0, 1, 1], -27.0), ([1, 0, 1, 0, 0], -25.0), ([1, 0, 1, 0, 0], -25.0), ([1, 0, 1, 0, 0], -25.0), ([1, 0, 1, 0, 0], -25.0), ([1, 0, 1, 0, 0], -25.0), ([1, 0, 1, 0, 0], -25.0), ([1, 1, 1, 0, 0], -27.0), ([1, 0, 1, 0, 0], -25.0), ([0, 1, 0, 1, 1], -25.0), ([0, 1, 0, 1, 1], -25.0), ([1, 0, 1, 0, 0], -25.0), ([0, 1, 0, 1, 1], -25.0), ([0, 0, 0, 1, 1], -27.0), ([0, 1, 0, 1, 1], -25.0), ([0, 0, 0, 1, 1], -27.0), ([1, 0, 1, 0, 0], -25.0), ([1, 0, 1, 0, 0], -25.0), ([1, 0, 1, 0, 0], -25.0), ([1, 0, 1, 0, 0], -25.0), ([1, 0, 1, 0, 0], -25.0), ([0, 1, 0, 1, 1], -25.0), ([1, 0, 1, 0, 0], -25.0), ([1, 0, 1, 0, 0], -25.0)]","[array([4.59372066, 1.92925425, 4.47830614, 5.10874825, 4.66008822,
       3.34835054, 1.05521021, 3.01891837, 4.84709791, 2.93367787,
       1.74801886, 2.28590808, 3.65235956, 0.57268835, 3.91151357,
       3.02328399, 1.69192648, 3.48192573, 2.49233973, 2.50501876,
       3.8387331 , 5.41016619, 3.08172764, 0.41255018, 1.2646537 ,
       5.37873696, 1.453497  , 5.07896147, 3.0797117 , 1.44614211,
       4.7829736 , 1.86942709, 4.61011132, 3.915644  , 1.75139321,
       5.89292609]), array([ 1.57972317,  1.70498938,  4.18100535,  4.28317887,  2.20389064,
        5.80034408,  0.81060672,  4.78445011,  2.53248576,  6.55800192,
        3.44545007,  4.52147038, -0.22554031,  3.77113101,  3.42799002,
        6.51110543,  3.21511981,  5.07051746,  1.02774437,  4.53126289,
        1.93186917,  4.90519365,  2.94113772,  4.1796401 ,  2.4042326 ,
        5.54519692,  4.14643976,  5.39359555,  1.94228861,  4.66663426,
        6.23326586,  0.22068007,  3.0673812 ,  2.02870432,  2.50653435,
        4.58445664]), array([3.909237  , 4.03873023, 0.80495515, 1.98875375, 6.49447417,
       3.62411996, 2.54939492, 3.26998089, 4.13002577, 2.58880276,
       3.40243681, 3.52801114, 2.81371286, 3.39729516, 3.84257375,
       5.46409812, 2.92886637, 6.19671236, 0.43433307, 5.46910866,
       3.86381448, 4.29388296, 0.65204966, 1.74827526, 2.46689352,
       5.55619272, 1.19852808, 3.91099937, 0.15631965, 5.14190732,
       5.26410228, 3.27719545, 6.1378047 , 0.62845757, 1.2348711 ,
       4.53076565]), array([3.06446868, 5.86616137, 3.17046326, 2.05186128, 1.27320636,
       3.63659502, 4.06807677, 1.24656418, 6.17882124, 4.99528748,
       2.31867155, 2.88211105, 4.51496123, 1.532191  , 3.97432476,
       3.81818119, 1.32775123, 4.43931074, 2.44294545, 1.48113324,
       1.19714887, 1.74039472, 4.55785268, 5.8211564 , 1.74930053,
       1.3006457 , 4.30116109, 4.86638056, 2.48461144, 2.80322116,
       4.20264561, 2.1716298 , 5.64999409, 3.80031049, 3.90656365,
       2.80198753]), array([ 1.56599447e+00,  6.03048405e+00,  1.83507957e+00,  1.88971191e-01,
        1.46337474e-01,  5.48725371e+00,  1.09972388e+00,  9.95286325e-01,
        4.86085774e+00,  6.23631089e+00,  4.55692632e+00,  5.40569462e+00,
        2.70812092e+00,  1.70772925e-01,  3.56129385e+00, -5.73438939e-03,
        6.13895001e+00,  2.80698673e+00,  4.50170785e+00,  6.85848994e-02,
        8.05102521e-01,  3.43217011e+00,  2.74588486e+00,  1.86818811e-01,
        4.60946557e+00,  7.70525496e-01,  2.59652566e+00,  4.43022814e-01,
        3.44722847e+00,  5.58273831e+00,  1.19209242e+00,  1.32955426e+00,
        3.73195243e-01,  4.02022575e+00,  4.60336959e+00,  5.47752417e+00]), array([4.65764033, 4.38046152, 7.35252488, 3.75329231, 3.56166621,
       6.20357753, 0.25752077, 0.72055667, 1.25167135, 1.06330803,
       2.07396019, 1.94893474, 2.81629928, 3.69504494, 6.18893949,
       1.51700336, 2.6969179 , 6.09734546, 2.18403229, 0.54176882,
       3.41079724, 5.27634594, 5.64550205, 1.15421962, 3.84260093,
       2.93462755, 6.31858685, 3.07409762, 5.06755902, 1.11281557,
       4.54441116, 5.18832366, 2.14018694, 4.44978996, 3.5582445 ,
       3.63445336]), array([5.53574767, 2.42169696, 4.39009313, 1.50119566, 0.442648  ,
       1.82496905, 3.11913168, 2.82310443, 5.05652371, 4.7556502 ,
       5.96604672, 5.17184744, 3.6303068 , 3.55897304, 3.4123323 ,
       4.5697637 , 2.54889609, 3.4748899 , 2.35759256, 4.44244775,
       2.65579251, 3.99005479, 4.12571607, 2.09666937, 2.80938324,
       0.36926237, 2.45700186, 3.25027707, 4.03401786, 0.01925887,
       2.36465495, 5.39767309, 6.15296851, 1.80065462, 4.86293056,
       4.59985461]), array([0.02477651, 4.40852426, 2.31352977, 3.05573441, 3.33351362,
       2.04680345, 3.02164381, 0.83717642, 5.46061941, 4.51603611,
       2.96216173, 0.11526394, 5.79007954, 0.10626134, 5.43788619,
       0.29826714, 4.27789481, 4.18832128, 0.95159464, 0.28992162,
       5.42358796, 4.11965444, 1.17878722, 5.8000523 , 2.44613126,
       3.83655312, 2.32251043, 3.28292174, 3.44383605, 0.14021216,
       3.98360953, 2.76446647, 5.26016268, 4.49992574, 5.10641089,
       5.92756718]), array([2.53247528, 4.9298935 , 2.77399064, 3.01012769, 2.15410399,
       4.30522131, 1.11556026, 6.23031689, 1.57560695, 1.70234423,
       1.89246928, 4.16876814, 5.57823651, 1.86954557, 3.75145157,
       1.11780949, 6.26595712, 1.37806884, 3.84123424, 0.4904988 ,
       4.01110206, 1.90401781, 0.80773709, 5.42540371, 5.78689088,
       1.11685245, 0.3294555 , 4.28925609, 2.95275533, 0.49453068,
       5.91070362, 5.57734309, 2.84279916, 5.08839751, 6.45900927,
       1.07346715]), array([6.58706684, 3.08369127, 1.94799231, 4.90702451, 1.45093805,
       4.84957707, 5.59939857, 4.39019795, 5.83566967, 3.91555564,
       1.05334571, 5.34763772, 0.18690605, 4.35926904, 6.88741358,
       5.58115928, 6.23036953, 1.10092426, 1.92163012, 5.73437924,
       5.92110696, 4.93672355, 5.16900046, 5.86994099, 2.1019874 ,
       3.97041682, 4.27614245, 1.56928864, 5.04646667, 0.27738509,
       4.00559584, 3.35278539, 5.89437405, 4.6747455 , 6.06844838,
       0.59520508]), array([7.16213821, 2.97244839, 2.3996782 , 5.02109375, 3.13714554,
       3.99874805, 3.56099302, 2.4674172 , 6.11438259, 5.61189633,
       3.21310492, 1.34128003, 5.25543841, 0.14869243, 5.86557226,
       4.35830863, 1.38679262, 1.14582502, 4.34667085, 3.61156849,
       1.60352409, 0.64227147, 4.05088563, 5.15233778, 5.73472032,
       4.23833093, 0.07483113, 5.85430508, 5.87468519, 3.27150816,
       3.10965099, 1.03820585, 0.42195404, 3.66835186, 3.83160306,
       5.94843894]), array([ 4.59572095,  2.78948747,  5.17233055,  1.0471806 ,  4.11599334,
        7.20038226,  4.68718743,  2.36182951,  4.31400829, -0.27785663,
        3.59402681,  3.24682576,  0.9434227 ,  3.46110149,  3.75865676,
        4.91871395,  1.83365632,  5.91944915,  5.39200441,  2.44153835,
        4.26864316,  0.910965  ,  3.81901064,  2.44086312,  2.69201419,
        5.17787588,  2.77704207,  5.69033214,  1.0199069 ,  3.91256143,
        1.10171154,  1.3011596 ,  5.88506932,  5.02067905,  3.86975364,
        2.81677686]), array([5.41561962, 5.15487763, 3.3324792 , 4.22487446, 1.70178926,
       0.15136891, 2.53142386, 3.71933721, 1.79403291, 3.38629002,
       2.82289206, 6.11384464, 5.85060521, 0.27200465, 1.19732524,
       4.97731122, 5.77094221, 1.61050925, 5.08483943, 5.32341441,
       4.50421048, 2.60548392, 1.11343558, 5.53649451, 1.70872081,
       2.38252495, 0.60389028, 5.77086079, 1.6467053 , 1.56319766,
       2.01581497, 5.19800598, 4.84948015, 2.93675086, 4.01875886,
       3.8095318 ]), array([4.40455946, 5.05467646, 3.63982928, 1.92758083, 6.33809185,
       2.83223247, 1.36371223, 2.75678544, 3.41184631, 2.75731424,
       5.77256744, 2.91486353, 5.85819227, 4.68327456, 5.89524616,
       6.21433407, 5.89878886, 2.75435355, 5.22897826, 2.60195054,
       1.47770885, 3.13957106, 4.10171045, 5.55697101, 3.06301424,
       1.11574558, 2.88488696, 5.23320327, 2.6091637 , 0.49109034,
       6.30827124, 1.54376353, 3.16475641, 1.63080435, 0.51113016,
       2.68420348]), array([5.91409657, 3.42293504, 2.9351473 , 6.07624409, 3.96487613,
       2.65384358, 2.35273071, 0.46495987, 1.07259407, 5.42965665,
       3.36856056, 5.41182806, 4.23439221, 1.42417045, 2.0910229 ,
       1.88596464, 3.35104023, 1.54129499, 3.68806627, 5.52203653,
       3.804715  , 1.79217443, 2.21457337, 1.72897669, 4.20637022,
       2.22153466, 3.83356914, 0.09575635, 3.41558231, 1.74615052,
       5.93426917, 3.28441541, 2.67950408, 3.26706086, 1.39535354,
       4.15801319]), array([4.88581498, 5.09649011, 1.23266527, 0.42660471, 3.44652241,
       2.00108565, 3.10046428, 1.3536636 , 4.49910838, 2.90342544,
       5.57067475, 2.28429479, 4.88186684, 0.74775651, 1.56725595,
       2.23391062, 3.01224446, 4.21960399, 5.9182561 , 1.31944648,
       3.42260501, 2.41046632, 0.18285536, 3.48712461, 5.99539724,
       5.57664047, 0.28231689, 1.82072637, 4.67229932, 0.90613261,
       1.66084349, 2.56312886, 4.35196378, 4.04017013, 3.40332012,
       4.94793627]), array([6.12084181, 1.59523526, 4.20697936, 5.92732286, 0.15473574,
       2.72396842, 2.9947136 , 4.17372762, 5.56000398, 3.2656908 ,
       0.60386919, 0.30761683, 5.77599269, 0.80208169, 0.52948153,
       4.42295286, 4.61079748, 4.31604361, 4.62811592, 2.86078674,
       3.65751392, 1.32076919, 3.07427273, 3.12212975, 2.79441554,
       4.26292207, 4.63969459, 1.68496848, 5.90019044, 2.31617432,
       2.85969492, 3.96216881, 5.88176993, 1.35126149, 5.11197604,
       0.71861757]), array([ 4.29228551,  0.37608888,  1.58796813,  6.9769432 ,  4.81085373,
        5.85544179,  5.69346098,  2.40573502,  1.88050791,  3.60823237,
        3.85743081,  0.33222282,  2.64617531,  1.46304591,  1.46937899,
        6.27949834,  4.51897772,  6.02600485,  2.92295674,  1.19465975,
       -0.00722885,  3.68617192,  4.13460502,  3.51273418,  1.24518253,
        3.0693126 ,  2.08407033,  3.73226045,  3.18158642,  4.70341791,
        2.42645624,  1.52851464,  3.82626357,  1.57405525,  1.16851768,
        5.45336184]), array([1.79669508, 5.29432733, 5.02672541, 3.50757971, 1.98125498,
       4.52071263, 2.84104992, 4.20404945, 2.01563723, 2.62248212,
       3.92185306, 1.03844152, 1.81599606, 1.43347904, 4.23413031,
       2.93221841, 1.25823282, 1.08603704, 0.3973533 , 5.57378634,
       1.2240837 , 3.37895563, 2.63291042, 0.16556976, 6.13786968,
       5.79515804, 0.87360226, 3.72707718, 4.13944733, 1.21000029,
       2.35585924, 3.43323598, 3.96219759, 3.16397372, 1.0735922 ,
       3.95358621]), array([2.23751396, 0.49139918, 1.12618566, 2.1037714 , 1.7176062 ,
       3.83277726, 1.63262848, 4.19422262, 2.08066661, 5.95265787,
       1.99535324, 2.13923292, 3.95078694, 6.05772264, 2.49910767,
       1.11880509, 2.72015362, 1.41840777, 5.32522583, 0.78113049,
       4.74769459, 5.72657641, 4.79495349, 0.71470101, 1.68145608,
       5.21432919, 1.74300011, 0.07709654, 5.08323742, 5.13135913,
       0.61060451, 0.58292269, 1.71730153, 0.50541812, 1.58112427,
       3.75752797]), array([0.7400937 , 1.91201157, 1.02258056, 0.60000591, 5.29210497,
       1.30985801, 5.43008176, 0.63076671, 0.06581516, 3.15887655,
       2.44923546, 0.76228516, 5.38644378, 3.51876487, 0.54917057,
       2.0536527 , 2.05064993, 0.95104098, 3.47868557, 3.55259214,
       3.01581235, 3.04441225, 1.70259424, 3.43414964, 1.76563562,
       3.52605471, 3.76562483, 0.3033564 , 2.64441911, 3.39601698,
       3.53511109, 0.59523813, 5.50615278, 0.89331945, 0.95161243,
       3.54393645]), array([0.71785089, 3.93530881, 2.90757045, 1.83636343, 2.9447065 ,
       5.38267413, 2.22645234, 3.96784914, 0.84000675, 6.18840932,
       4.42272615, 4.87022328, 1.68971979, 1.76260235, 4.43171705,
       2.21254922, 2.01446077, 2.07994195, 6.05114141, 6.11342486,
       6.10899957, 4.49178823, 5.76414227, 2.51546296, 2.74163377,
       7.2326322 , 4.80917473, 6.26284292, 2.24149836, 0.43819372,
       0.9461886 , 1.27209448, 4.88635168, 0.66491414, 5.92884233,
       6.14996002]), array([5.0538739 , 5.98218785, 4.5302652 , 3.08525658, 0.44185887,
       5.11596685, 3.4259078 , 1.35123317, 2.25552615, 5.98317833,
       4.79151603, 1.74516436, 4.59838918, 2.94801409, 2.53535513,
       5.38472414, 3.73943054, 2.02320644, 5.2408048 , 1.53638062,
       5.11303929, 0.76468224, 3.46895908, 7.26890684, 5.37910811,
       5.93714325, 4.1275938 , 7.23580117, 3.03197386, 3.60034167,
       3.35161433, 3.53428813, 0.14141803, 0.66313231, 2.13317795,
       1.24571369]), array([2.96848873, 2.16907042, 1.44532397, 2.87125838, 5.66783631,
       2.22337929, 0.23390919, 3.95347266, 0.19876216, 3.73006165,
       3.81696481, 2.70426278, 1.49137403, 0.59248385, 2.68790218,
       3.04045414, 1.40600974, 0.08752984, 5.75717769, 5.64712937,
       0.19652252, 4.28033151, 4.14245797, 1.66399942, 0.4006209 ,
       1.02383307, 2.85581058, 1.97887798, 1.92730313, 5.67808419,
       5.97593203, 0.22291917, 2.29103982, 3.56161871, 4.64738382,
       2.19623054]), array([2.75337833, 6.94000628, 2.18571954, 0.63657521, 2.01275062,
       2.88271783, 1.92670575, 7.20154427, 1.07711211, 5.75649138,
       4.99652399, 5.01687003, 1.23112069, 0.43474074, 5.71994574,
       0.98335096, 4.82532825, 5.18409681, 1.57854737, 6.16139314,
       2.02047897, 4.57617603, 3.51724379, 0.53009233, 5.10026649,
       5.49732426, 0.67852358, 6.04616876, 4.14815566, 0.23881904,
       0.70542325, 0.52732109, 5.35734112, 4.58214664, 5.87255861,
       1.06986701]), array([4.35873628, 1.40109598, 5.59962589, 1.36335169, 0.88715805,
       3.25339278, 1.70221379, 3.47131284, 5.51470827, 2.69048726,
       3.90376671, 2.24219738, 0.82125058, 1.66620319, 3.13076036,
       2.33702839, 1.62890854, 4.01251195, 3.86127007, 4.04328296,
       5.3174084 , 4.44201154, 4.63429266, 2.60340722, 1.56628339,
       0.93640689, 5.12993436, 4.96247873, 0.47556375, 5.1209466 ,
       0.33549572, 4.70388156, 4.66968676, 2.13459039, 2.30301857,
       3.17126331]), array([1.18902157, 3.60221004, 2.21513816, 5.98522121, 6.08566771,
       2.46342945, 2.96751859, 5.69629932, 3.80937922, 1.85292274,
       0.18764616, 4.06749255, 4.15422436, 6.47122804, 0.45827027,
       5.90248961, 0.26403778, 4.15598086, 5.55997727, 5.54292158,
       2.58998463, 5.88534206, 1.45266569, 3.92345154, 5.78173998,
       0.91549785, 3.0967668 , 3.61930762, 6.69451515, 2.66414538,
       1.91098457, 1.37783297, 4.43754424, 0.80093543, 5.85343773,
       1.20685059]), array([5.74900649, 4.45859028, 5.3610888 , 0.42614494, 4.18030794,
       3.41227642, 0.0845979 , 6.03904939, 3.17563693, 0.13252555,
       0.54133708, 3.32327166, 0.36515678, 4.27625704, 6.18505175,
       0.90152929, 2.03094613, 0.13713065, 5.59271002, 1.94196082,
       4.61515728, 1.04097071, 2.85453189, 4.87077113, 3.72045512,
       1.23628955, 5.92462954, 4.73106206, 3.18541994, 0.67936472,
       0.54172779, 3.58798678, 1.06845892, 1.27650504, 1.21799106,
       1.82879034]), array([ 3.07129758,  3.23535285,  3.93622908,  1.53912304,  3.65294416,
        2.69869195,  4.26549638,  3.74241794,  0.70844599,  1.55098623,
        5.33272495,  2.90311554,  1.98684235,  3.80606636,  0.73698765,
        1.50544213,  6.11894027,  0.79270775,  0.25411971,  3.54884157,
        3.86843459,  1.54434219,  2.95670913,  3.19154754,  3.03947476,
        0.10075712,  0.57026289,  3.27169511,  2.27948187,  3.651705  ,
        3.62262989,  2.20602188,  4.11334921,  2.34948364, -0.01448761,
        1.68533633]), array([4.15606575, 4.07372285, 0.6325814 , 5.6420042 , 0.16405673,
       2.95098747, 4.44897187, 2.52449757, 1.00452279, 5.65151222,
       0.53618707, 2.60575617, 2.94423244, 4.19691025, 2.98224848,
       1.86235778, 5.9226012 , 0.82401721, 3.93659659, 1.76114452,
       1.35578833, 2.34514613, 3.58218137, 3.0959217 , 3.59149602,
       5.12678286, 1.19377176, 5.10634558, 6.1967496 , 5.45256098,
       4.87639305, 5.2343825 , 4.12628898, 4.80084807, 2.30888702,
       3.37617516]), array([5.96422837, 0.55861611, 3.91329811, 2.62314871, 3.82861717,
       2.00641077, 6.18436687, 1.12494407, 1.45243429, 4.85634311,
       4.81743867, 6.19376716, 6.52947418, 2.89522609, 5.40711492,
       1.14604489, 1.74796241, 1.90042264, 2.44081565, 6.2720801 ,
       5.76930746, 4.48871558, 3.58830873, 2.2092055 , 1.72030908,
       5.86880884, 2.17332281, 0.82660599, 4.21171356, 2.79728827,
       0.8053901 , 1.29746691, 1.68431601, 0.78203335, 3.5597911 ,
       0.76180941]), array([4.09017959, 2.99355109, 6.41430233, 1.74879941, 6.16779733,
       3.79096623, 2.18718641, 3.00487964, 3.66949967, 4.23804838,
       4.44401918, 3.07131714, 4.22322784, 2.24044045, 2.77602982,
       2.51333396, 2.09029387, 3.15045684, 2.50820582, 5.7959317 ,
       2.80217229, 0.64168166, 3.78135095, 4.26921733, 4.7721369 ,
       3.69244002, 2.7196715 , 0.49178722, 2.89000601, 3.28400746,
       0.22454474, 3.36240919, 1.54846423, 0.21788703, 2.29197496,
       3.4128089 ]), array([ 6.91181982,  3.50598336,  0.31935568,  5.39988053,  6.45236072,
        6.11047575,  2.01474815,  1.66505865,  6.2589259 ,  0.38982816,
        5.21963442,  1.61288904,  1.02057748,  0.253585  ,  2.57343277,
        4.70721783,  4.63302443,  1.09598981,  0.15603977, -0.03029073,
        3.57728313,  3.2333578 ,  3.13279392,  1.44131919,  2.78625682,
        4.49445374,  4.61721013,  4.00640165,  1.49369364,  1.94940084,
        4.40641984,  0.60784194,  0.31704895,  2.65507426,  2.88528851,
        1.07689499]), array([2.87869566, 2.93994535, 1.42201706, 0.69574808, 4.49996363,
       2.52130831, 4.43335279, 4.25243557, 4.55368725, 4.0931012 ,
       1.1861743 , 4.90036006, 3.83442322, 4.5323959 , 5.7588361 ,
       4.47166699, 5.18029896, 4.32501303, 3.913969  , 2.33984451,
       2.42199747, 0.34391592, 5.15391113, 1.50879915, 3.97829812,
       1.44546147, 1.88478777, 1.84196772, 3.31568014, 1.1605023 ,
       4.750356  , 2.17402119, 3.67359776, 3.67149875, 6.91334446,
       6.04082434]), array([4.76127529, 6.7691967 , 0.09901014, 3.10680912, 3.11658053,
       6.76294475, 1.81975607, 5.13798323, 4.8030153 , 0.50005165,
       5.590058  , 4.89060277, 3.94635085, 2.08559501, 1.94701002,
       3.99405404, 4.5887858 , 0.80962371, 6.08414504, 3.03954084,
       2.99277603, 2.52816373, 0.09245692, 0.21087927, 0.91990961,
       2.40332399, 1.7162124 , 2.83746303, 4.68257878, 3.3006126 ,
       0.69460056, 3.28112383, 1.2340913 , 4.69411107, 0.34130351,
       1.00705021]), array([5.75638851, 1.20883969, 4.82846088, 2.57053762, 3.03905699,
       1.22334008, 2.22691113, 3.28716603, 0.82666854, 2.31994528,
       5.81608445, 0.33265385, 2.27268902, 3.83961585, 2.81807154,
       4.6822368 , 0.61691258, 1.5188464 , 4.76412207, 4.92838933,
       5.85659716, 3.147113  , 4.8468428 , 0.58195162, 2.16104557,
       1.09392143, 3.97207894, 4.48441862, 4.95579117, 0.06929373,
       0.63847149, 1.21985997, 0.19152428, 0.92342854, 0.79749561,
       0.68778616]), array([6.48737415, 5.41447207, 3.15139885, 1.175795  , 4.33167824,
       4.16047806, 4.5045126 , 0.08493352, 3.88983885, 1.98618967,
       1.7563776 , 4.97210194, 3.19574784, 6.79805343, 5.38839351,
       2.00520008, 3.33631741, 6.21820702, 3.06860195, 4.5868341 ,
       0.94798992, 2.33565518, 1.22169147, 2.73820116, 4.49110757,
       3.70281512, 0.95283667, 2.66635607, 5.5039692 , 4.52603731,
       1.73632149, 4.61914369, 3.25022235, 1.75798852, 2.63829571,
       4.43589634]), array([3.55190929, 3.74050155, 1.61071984, 4.4451297 , 4.21374882,
       2.10435829, 1.60417583, 0.28324551, 1.25535349, 5.71536273,
       1.78131202, 0.39407182, 1.49549679, 5.38542309, 0.79223033,
       1.42811772, 3.63630592, 0.20980004, 4.71155915, 3.88063069,
       2.75234738, 3.30363829, 2.73434965, 1.3017897 , 1.63055218,
       2.89841196, 4.66710504, 2.48254295, 3.50883644, 5.5651451 ,
       5.52379824, 3.11546986, 2.88842441, 4.46393106, 3.71909994,
       2.10950374]), array([4.41087666, 3.59867056, 4.72257371, 4.7918007 , 0.97483746,
       0.2745646 , 5.23043275, 1.93451832, 0.26986784, 4.60641487,
       3.17912795, 0.95809748, 4.56451886, 0.35525199, 1.84825879,
       4.36003469, 5.58992728, 5.26878188, 5.4303266 , 2.89065019,
       3.62849333, 0.75048473, 5.36784724, 4.46318457, 3.48083879,
       6.24964092, 4.34519548, 1.17560877, 2.16141679, 1.99825298,
       1.63549758, 3.42866963, 0.91756648, 4.45751991, 4.26362732,
       4.81441528]), array([6.62172336e+00, 5.61546161e+00, 3.87279497e+00, 2.04887348e+00,
       2.65606336e+00, 1.78566300e+00, 6.70345969e-01, 3.14687816e+00,
       4.79418688e+00, 1.23314546e+00, 4.17812222e+00, 4.42921953e+00,
       4.60370261e+00, 3.15320869e-01, 2.46639264e-03, 2.16614597e+00,
       3.82051225e+00, 7.93443846e-01, 2.25789659e+00, 2.01021395e+00,
       4.06436032e+00, 3.97493195e+00, 2.72736793e-01, 3.34433471e+00,
       7.03087642e-01, 8.77333303e-01, 4.40844057e+00, 4.18515833e+00,
       3.98310700e+00, 2.84273015e+00, 3.10405595e-01, 4.85471047e+00,
       5.53366117e+00, 1.33152272e+00, 2.74423294e-01, 1.50839275e+00]), array([2.37947656, 6.1749523 , 0.6016579 , 0.06522173, 1.27809682,
       3.55786018, 2.31672263, 5.38262125, 4.96128935, 4.50456404,
       2.50391042, 4.42537578, 2.43702896, 4.30009881, 4.59027628,
       4.28385043, 2.3552017 , 5.4002951 , 2.41521636, 6.72885039,
       3.92598571, 3.18924529, 4.34092749, 5.62166817, 0.07748971,
       5.12814078, 1.98789028, 1.02984503, 4.83349249, 5.48642643,
       5.3790329 , 3.7969003 , 4.95392013, 5.5602957 , 2.83573667,
       4.14581094]), array([ 4.99742232,  4.29513064,  5.44345701,  6.98725482,  0.63137563,
        2.2893219 ,  5.93118628,  5.32765444,  5.22840515,  2.99663925,
        4.57618086,  0.36602526,  1.0637617 ,  0.82242982,  3.61733918,
        1.15801188,  2.40244179,  5.29041994,  5.31085203,  3.53776227,
        3.7067945 ,  2.04229252,  4.28367722,  4.46534249,  2.57872067,
        3.18166329, -0.09655208,  3.75696034,  3.97506586,  5.22015889,
        1.32795793,  0.01038571,  4.31818999,  3.72078415,  5.74809416,
        2.41946003]), array([ 3.73614029e+00,  1.40154297e+00,  3.88050795e+00,  6.72087023e+00,
        3.77753014e+00,  1.89368535e+00,  4.93943008e+00,  3.65168966e+00,
        4.43685610e+00,  3.08178669e+00,  6.22283808e+00,  3.95072659e+00,
        1.97311894e-01,  2.54291374e+00,  6.27379115e+00,  4.69686888e+00,
        5.75038380e-01,  5.02186628e+00,  1.25973494e+00,  3.74595128e-01,
        3.50022810e+00,  5.82392667e+00,  2.21273921e+00,  3.82674156e+00,
        8.15329080e-01,  2.43386954e+00,  3.82395894e+00,  3.29455215e+00,
        1.68421879e+00,  2.57534746e-01,  1.88702045e+00,  2.25303795e+00,
        1.19169755e+00,  4.91801308e-01,  5.78082673e+00, -2.37539762e-03]), array([1.77397087, 3.69893528, 5.74813725, 5.07137427, 1.84174086,
       1.79488096, 0.05868117, 2.30254944, 3.82461511, 5.18465209,
       3.38599927, 3.48558394, 2.97532818, 2.26643439, 0.78349221,
       5.48621472, 4.81837329, 0.94084532, 4.84494895, 5.98279663,
       1.02958341, 1.84397109, 2.12736091, 2.64034253, 6.00084228,
       2.10235939, 4.61377718, 1.35488186, 4.91447403, 6.1268219 ,
       1.22790277, 0.36934684, 0.98773434, 3.5062088 , 1.98767704,
       2.65405084]), array([ 1.69112415,  1.4070815 ,  0.30930239,  1.44858298,  3.53534443,
        4.01409558,  5.20115627,  4.64493281,  1.7773898 ,  0.86599003,
        2.62358283,  3.28550994,  3.2290418 ,  6.21929191,  0.09888336,
        5.89651738,  2.10797689,  4.51449957,  4.69312968,  4.90346291,
        3.05658113,  3.40539507,  6.2406005 ,  2.95604649,  2.95132586,
        1.6425401 ,  3.16219686,  5.86551562,  0.81748992,  3.1423898 ,
        4.48311741,  5.29171767, -0.026292  ,  2.99761104,  2.56924283,
        0.3727052 ]), array([6.12422615, 1.97626488, 5.71597382, 3.923394  , 3.98629217,
       0.07668327, 1.17774353, 2.26377675, 0.17562048, 4.59488953,
       2.47154529, 3.49788157, 2.66739441, 5.92781675, 2.50130578,
       0.65942007, 3.60764164, 5.45833638, 3.55452957, 5.88817353,
       5.60121429, 0.7405095 , 3.46540747, 3.20133577, 0.45964204,
       3.56722308, 2.86728935, 5.65331669, 2.51248241, 2.05242629,
       6.02971998, 1.79543511, 2.64198191, 2.42780016, 3.36080382,
       1.69406954]), array([5.8481021 , 4.01312507, 3.88954868, 4.149708  , 5.39475193,
       3.06348218, 0.65438412, 0.92286996, 0.50805033, 0.60826412,
       2.13652985, 1.17165946, 2.6704105 , 4.35056809, 0.70401538,
       2.5914664 , 3.68816646, 4.64436784, 4.0319604 , 0.08325798,
       4.62598452, 4.20472351, 2.37591236, 5.06399595, 3.65158218,
       3.85290851, 3.24504646, 3.34924109, 1.6016773 , 3.30032327,
       0.88619183, 3.71504523, 2.26680772, 3.38000415, 4.05011443,
       3.01904828]), array([0.00819097, 5.16116694, 6.93307962, 1.28228692, 2.45608168,
       1.41387615, 1.93977591, 4.65558825, 3.35383128, 2.37586782,
       0.23738021, 0.33236249, 1.86933679, 5.20877191, 6.11224657,
       5.00344571, 0.04319857, 0.36771025, 1.48314502, 4.35134172,
       0.97899856, 0.77558883, 4.66386215, 4.31805733, 4.32711107,
       2.5782649 , 5.15844656, 4.26669873, 2.17091414, 1.67064024,
       2.65282176, 2.28440288, 5.87671323, 2.68197257, 3.58059946,
       5.71621506]), array([3.31756667, 2.29165401, 1.06957141, 6.05381846, 1.18532553,
       3.00126936, 2.15339638, 2.47712771, 6.07182594, 0.63527313,
       4.1781922 , 3.50435855, 5.56308313, 2.55335653, 3.44217031,
       0.21089992, 3.63749837, 3.70104789, 2.39638764, 1.25479407,
       3.32906513, 2.10514425, 5.27072528, 3.15775859, 4.17269269,
       3.34694853, 2.08474732, 2.85585352, 6.14923107, 1.5801915 ,
       6.27746748, 5.11209809, 0.17439114, 3.03913138, 1.10129602,
       0.87488619]), array([2.90026431, 5.62682216, 3.85639058, 0.23322232, 2.02675101,
       1.91260453, 4.48662359, 1.28595041, 5.09528994, 0.32690085,
       0.85634208, 4.0090694 , 2.0261523 , 1.95834192, 1.7906963 ,
       3.05439634, 2.88122638, 6.07420281, 0.07774616, 1.16425701,
       3.0684989 , 4.45471089, 1.02158203, 1.07934762, 3.92715956,
       3.57401114, 2.88569322, 4.22212089, 5.05459838, 4.37957054,
       6.0979218 , 0.57886899, 5.84957576, 1.5340024 , 0.33597318,
       5.62225855]), array([ 3.52309065,  6.95240523,  0.0321428 ,  3.70055439,  5.11402146,
        1.42786397,  4.08249382,  5.48604956,  7.14876577,  1.87819589,
        3.83574208,  5.42427246,  4.81658571,  1.19463514,  6.0310114 ,
        2.99146187,  2.9834542 ,  1.41581377,  0.67085449,  2.73547198,
        0.49044437,  5.02957838,  5.85440807,  1.8907348 ,  2.70099724,
        0.98956296,  0.81408237,  2.88594466, -0.0417122 ,  5.97879605,
        3.70859614,  1.66900565,  4.06209761,  1.40451733,  0.46327633,
        6.00791131]), array([ 3.54801829, -0.03081659,  5.73494483,  3.64101751,  5.6373746 ,
        3.57459824,  0.13505039,  1.90386961,  6.5080149 ,  4.26926275,
        5.08731601,  5.68313043,  3.23121383,  4.04044353,  4.70836955,
        3.32856998,  5.96025783,  3.72396836,  4.16293907,  4.04517144,
        2.2017247 ,  2.8823227 ,  1.85878465,  0.43364721,  1.23173136,
        1.98770713,  1.44564688,  1.57844743,  5.77726386,  1.4884253 ,
        2.24514645,  4.53011124,  1.62107254,  3.13446383,  1.10324892,
        2.76623709]), array([2.45273449, 5.79649225, 2.05341931, 5.83737971, 3.76604494,
       1.22075524, 5.78525271, 0.2685595 , 1.55849451, 3.95722157,
       5.77084169, 3.40249047, 5.54578839, 2.78054074, 5.77879316,
       0.23312376, 4.24951749, 5.51088225, 5.03431379, 5.56915244,
       4.1451679 , 1.03619379, 0.14505565, 3.59849893, 0.80845517,
       0.25547705, 1.31579851, 3.93758025, 2.17573722, 1.10237503,
       3.35196425, 3.70829216, 1.32529979, 2.92795155, 2.17587226,
       2.34744498]), array([6.21439981, 4.96268334, 5.25269338, 0.70933577, 5.95644331,
       2.23972454, 3.56018494, 4.50258388, 1.56124985, 3.1000231 ,
       4.64003638, 1.96810007, 3.71859993, 3.87908707, 4.35891223,
       3.66762878, 0.44572619, 2.45262764, 2.45246742, 3.9013188 ,
       5.11244243, 4.40717074, 5.0378765 , 4.22053402, 1.69221272,
       3.92730646, 1.74339479, 0.94335048, 0.8293559 , 3.70209567,
       2.69741084, 2.63575591, 2.61384516, 3.3798172 , 6.75662947,
       4.08590319]), array([3.75339472, 3.11530134, 2.15689082, 6.04562351, 3.49800446,
       3.38192986, 5.42996035, 2.76949927, 4.03189877, 2.53785168,
       4.35584851, 5.46202444, 2.4693159 , 0.50127996, 2.70690303,
       2.8422072 , 2.82258411, 3.77970992, 5.21174792, 2.44159167,
       5.61726384, 5.17315995, 5.44465065, 3.89618605, 0.80057767,
       0.08357416, 5.80830556, 5.33766977, 3.51416884, 4.64939114,
       6.47497363, 2.38791471, 3.13426706, 3.98733072, 2.99110792,
       1.43213227]), array([ 4.82927047,  1.7359074 ,  3.5532878 ,  3.35113476,  2.99688073,
        4.75517736,  0.76253984,  3.52095774,  3.79464529,  6.09281351,
        3.24638434,  2.81058112,  2.62274266,  0.49175781,  1.17174663,
        0.29171138,  2.17646746,  2.32363878,  5.35048935,  4.02884742,
        3.35917682,  5.20720217,  4.72445403,  4.04303861, -0.01041756,
        0.45624754,  2.96788352,  4.97384418,  0.5525117 ,  2.25078475,
        2.09809337,  2.84025133,  4.99570381,  1.42321537,  4.68095159,
        2.94776405]), array([2.59259171, 5.14204459, 4.06385354, 2.92485143, 5.01031923,
       0.09568204, 5.6238494 , 0.2886753 , 1.33286451, 4.07233943,
       2.27774638, 2.9178775 , 0.93185029, 4.7634232 , 3.06299151,
       2.65215088, 5.77450356, 0.71581047, 1.7754727 , 2.6881234 ,
       6.22369853, 5.08513476, 2.45747773, 5.36184732, 1.6770039 ,
       0.38889403, 1.14897877, 5.42937411, 1.72921504, 0.27443761,
       1.14677168, 2.90159421, 2.36571209, 1.13441051, 0.90505268,
       1.07555618]), array([0.02722462, 6.23607466, 1.22950624, 1.18137704, 1.14701671,
       1.31259989, 1.1065902 , 6.01423477, 5.17324115, 6.03780282,
       0.56449269, 4.91959408, 3.33255236, 5.91490906, 0.17183832,
       6.82150676, 4.07017158, 4.42959099, 3.15936322, 0.94571742,
       5.27134961, 6.08200888, 0.94116557, 2.28139655, 0.82521826,
       6.03271471, 2.96503788, 0.85570027, 3.52023112, 2.17457815,
       3.35425981, 6.13106971, 3.4513059 , 5.27484115, 3.06713131,
       2.40422947]), array([4.29231384, 2.28024008, 4.23676921, 0.96605466, 4.0631909 ,
       4.31393411, 4.74736368, 1.58982266, 2.07605596, 4.55697215,
       0.65585756, 4.14242369, 1.79788298, 2.32136092, 3.13153985,
       1.47053632, 0.47359736, 3.97773899, 5.06997634, 1.91137128,
       4.86836823, 2.84102671, 0.0946558 , 0.00911779, 3.52553988,
       4.35054751, 0.60686509, 0.29434148, 0.33837763, 5.63117423,
       3.77934281, 4.82816277, 5.05211424, 1.97255569, 6.21611931,
       4.3710348 ]), array([2.31105447, 5.83940057, 2.07409346, 4.00863883, 0.58610843,
       2.27079255, 1.80099969, 2.30218657, 4.90511534, 2.41005327,
       0.29480863, 2.31198793, 0.49402123, 1.45959917, 0.30012651,
       6.06228389, 3.99392539, 2.05090043, 2.04652005, 3.08525824,
       6.05762508, 3.85843326, 2.18642463, 3.66274842, 0.29954556,
       0.65696255, 0.66933527, 3.02168537, 5.59052187, 1.60374151,
       0.51294335, 3.44468717, 0.6127187 , 2.93835119, 3.68309927,
       2.85247194]), array([3.97930623, 3.10127906, 0.83572341, 4.54997681, 3.14086855,
       3.49858128, 2.34013907, 3.74667536, 5.86928881, 2.1065445 ,
       1.62679909, 3.0107752 , 0.94163027, 6.22143453, 7.16748518,
       4.41678446, 2.07841704, 5.45539352, 5.34267152, 4.42583256,
       0.10488376, 0.2314996 , 3.90121833, 4.79335254, 3.95370068,
       0.21899157, 2.69575386, 3.73939738, 4.57399686, 2.77137552,
       0.3048052 , 1.16687756, 4.78711533, 5.85720665, 5.21150174,
       4.28087529]), array([5.15921011, 1.31553989, 5.34546532, 0.4387881 , 3.65727702,
       5.75652605, 2.72617072, 0.64116937, 4.58006459, 0.37479299,
       3.2702891 , 2.15180628, 6.06779636, 0.76847228, 1.5113233 ,
       1.26093613, 3.31136099, 3.70140691, 2.18162846, 5.38054608,
       4.12828914, 1.9682348 , 5.6168087 , 4.34443717, 1.43095217,
       3.5436439 , 3.08335497, 4.47881072, 2.61551071, 3.12831535,
       4.65124632, 6.22942091, 3.42728752, 0.10341382, 6.13683162,
       1.59283277]), array([ 3.40131857,  5.37481596,  1.15242612,  5.84005604,  4.21174489,
        1.51610851,  0.52857937,  4.43813003,  4.12000173,  1.91237308,
        2.57492026,  3.0883103 ,  5.50333088, -0.08425603,  0.42453823,
        1.50612109,  5.45870828,  6.04584585,  5.18621978,  4.5844522 ,
        2.17207016,  0.30966102,  3.92507016,  2.14876473,  3.16178745,
        0.9199868 ,  3.79538829,  4.03663663,  3.19509213,  4.82787743,
        7.07896206,  5.88264885,  2.70407978,  1.46773328,  4.68095807,
        4.09344042]), array([5.12147116, 1.65066085, 3.66996623, 5.85752669, 2.90819409,
       3.63155782, 3.45533246, 3.02527558, 1.07367433, 4.86683921,
       4.35449239, 2.11382529, 5.28454089, 0.65622282, 4.52031114,
       1.77579441, 4.71947288, 0.29375877, 3.57611902, 6.17543047,
       5.94074902, 5.91614582, 1.56483445, 2.32267286, 5.4301732 ,
       0.33844481, 3.67305946, 5.03262928, 4.99516049, 1.07212843,
       2.78258275, 3.43826106, 2.92239279, 3.31611439, 2.54064835,
       2.73944078]), array([5.14389217, 0.91004713, 1.25020688, 6.0898587 , 5.6193098 ,
       0.84562806, 6.04892945, 5.44644023, 3.83465618, 4.83928703,
       4.92898095, 0.26251189, 5.30381815, 2.07370242, 3.94081679,
       1.75327629, 5.71628075, 0.84140218, 0.79463224, 3.62186807,
       3.19619291, 4.28306736, 0.73873676, 5.91885542, 4.00238892,
       1.21802914, 5.37114159, 5.15657546, 5.72378774, 3.43970361,
       4.80010212, 2.97854129, 1.3242103 , 5.33717865, 6.11946572,
       0.83125252]), array([7.12531938, 3.28305381, 4.63471353, 3.12049029, 6.29863991,
       3.93659494, 1.60671603, 6.14144051, 0.89482623, 1.80107883,
       4.42872907, 0.46058165, 4.40252571, 6.07088484, 2.93961164,
       4.69644984, 3.32392746, 1.67501773, 3.95507926, 0.75153494,
       2.49423704, 2.23948166, 0.01583839, 1.83508518, 4.65932035,
       5.66798231, 5.17941184, 4.79196304, 4.71887651, 0.50157939,
       5.84928619, 4.41000119, 3.54804654, 3.91680967, 4.43519411,
       4.11502535]), array([2.61310592, 3.88920313, 1.82273671, 6.26381671, 3.53726519,
       4.08126412, 4.33051683, 4.41639377, 4.10450493, 5.5518046 ,
       4.86135588, 4.52506381, 5.44800808, 1.89691758, 2.41586342,
       2.93459596, 5.08390982, 1.68717387, 2.47892255, 5.86631954,
       1.3727919 , 3.66996603, 3.24113445, 0.85954981, 0.61037307,
       0.94839737, 2.24402781, 0.78923826, 0.92148661, 3.28197647,
       2.25998123, 5.96487861, 5.13329595, 3.75893684, 3.78275484,
       0.65149744]), array([3.22616081, 3.93774831, 3.27750963, 1.62238192, 4.45792448,
       4.05839847, 2.94662869, 2.88319039, 4.71059319, 5.72742826,
       6.16252062, 4.16699292, 2.11921613, 4.18879906, 2.01568535,
       4.40745208, 5.43073331, 0.0418364 , 3.99583069, 4.81398208,
       5.90350651, 0.39494323, 3.21460403, 5.2293113 , 2.34297124,
       0.96721229, 5.17715772, 0.53644115, 4.77846724, 4.77719951,
       1.05127938, 4.33539056, 0.52936832, 3.33665943, 7.43732735,
       4.80757991]), array([6.33465375, 2.1304519 , 3.33597372, 4.00491616, 4.88202615,
       1.20232034, 4.25506491, 2.10482185, 4.30663853, 6.04461194,
       4.49984088, 0.65507388, 1.8266863 , 3.67385063, 2.51249431,
       3.02406377, 5.30390465, 0.2107694 , 4.76076287, 3.83132997,
       3.10868464, 3.36909956, 0.15253752, 4.40098133, 5.77608348,
       3.01540479, 3.18662424, 2.07085469, 0.14342446, 3.38855982,
       2.1176856 , 4.60708432, 3.95709158, 3.73137584, 3.50890106,
       5.22567281]), array([1.39892374, 0.29465642, 6.00884621, 6.75610817, 4.20214146,
       2.44431709, 4.37195114, 2.18201975, 4.36480859, 5.91654932,
       0.16670099, 4.08633205, 3.52138955, 2.75810865, 3.54042221,
       2.21606973, 2.09309911, 3.16849822, 5.00410523, 1.7534175 ,
       3.61247786, 0.30219633, 0.72205562, 4.64114316, 1.42561038,
       2.66111192, 4.70425948, 4.21132962, 5.46992883, 0.37079943,
       3.42689834, 6.30348291, 4.8556725 , 5.32811336, 0.93659237,
       4.84921807]), array([3.86121646, 3.14432355, 1.89173311, 3.79311179, 7.07203472,
       4.79977313, 4.08706986, 2.63371579, 5.94010717, 3.22035123,
       4.13309118, 3.81316079, 3.12572846, 6.32499419, 5.68595223,
       3.25877179, 0.68900727, 3.61359365, 3.96042979, 5.71817036,
       4.30495535, 1.58919174, 4.12872488, 0.75476589, 5.2950098 ,
       1.62032164, 0.41720375, 3.48636163, 1.51839681, 5.99836882,
       5.07841143, 4.32417942, 4.38939519, 5.59500717, 0.4888415 ,
       3.63262139]), array([4.77299211, 5.54799981, 1.92247973, 5.53675833, 6.0945646 ,
       2.83801186, 3.37686112, 1.98640481, 1.42940061, 5.59418612,
       2.67667919, 5.10998437, 1.89975227, 2.28845407, 4.67489102,
       4.96467607, 3.34792225, 0.49459239, 1.92638315, 2.79141124,
       6.89480573, 1.64281429, 0.139067  , 1.41736266, 2.03810316,
       0.65503326, 4.23393303, 1.65491256, 1.20283148, 3.40690295,
       3.44784301, 3.77796463, 4.73529253, 5.53481237, 1.09505997,
       2.13947916]), array([0.74228511, 2.18144588, 1.95890597, 2.34098849, 4.33837586,
       2.35553878, 1.83735407, 5.67677927, 1.44233948, 3.7656146 ,
       0.19301669, 0.56389171, 2.67830406, 2.33323608, 2.76088263,
       1.85622202, 3.06143517, 2.68337676, 3.1589518 , 5.71833436,
       6.23045562, 0.80012938, 1.40366901, 3.91709574, 1.77249141,
       4.25375301, 2.53270052, 2.99097041, 2.99709735, 6.22471356,
       4.12250688, 1.13648626, 1.00212285, 3.91142533, 3.77248552,
       3.37737618]), array([2.52175767, 2.32392938, 4.36229032, 5.63355527, 0.14487802,
       5.00189329, 5.0844771 , 0.96078232, 3.41567636, 1.04548588,
       5.45769287, 3.62743592, 4.23888054, 5.86936582, 0.26133976,
       5.93621264, 3.21126906, 5.65934916, 0.39959322, 2.35445043,
       2.70502779, 1.82122497, 0.63343285, 3.50026596, 0.05284715,
       5.84434301, 4.95508682, 1.02447474, 3.91561595, 2.58095016,
       5.45028704, 2.79729798, 2.12663239, 4.52013895, 3.96194069,
       4.60897989]), array([6.79588784, 1.56457487, 6.42856967, 3.55384469, 5.61337988,
       5.65100794, 6.27710982, 1.39867658, 3.23129948, 2.84627681,
       5.00684032, 2.67204411, 2.67715756, 1.74508753, 2.74008758,
       0.29085794, 6.39223017, 3.13764155, 0.10718973, 5.75797341,
       4.49822966, 3.8108867 , 5.71842742, 1.12063181, 4.78229118,
       1.79047169, 2.25029278, 1.32845382, 0.06800472, 2.59734265,
       0.23411125, 1.6053553 , 5.78067919, 5.45197729, 5.4940496 ,
       0.50915369]), array([5.82519722, 1.39533677, 5.06708143, 1.18052363, 1.53453763,
       6.27064112, 0.78407082, 2.49441544, 1.54863428, 1.12078027,
       5.10771485, 1.36663588, 5.5369672 , 3.45409333, 1.2881768 ,
       2.58433739, 1.37905319, 4.17618625, 2.31437601, 1.0493714 ,
       1.25003229, 1.75477338, 3.26355629, 2.58841393, 5.46088584,
       0.34068868, 3.65895298, 5.96995272, 0.95245167, 0.24519192,
       1.91682592, 3.52514681, 3.83220844, 3.0244205 , 1.68102688,
       5.44977429]), array([6.35339918, 2.63063383, 5.13421732, 3.21863615, 2.35972431,
       5.10872079, 2.39369786, 2.02593644, 3.04760833, 3.45049545,
       0.77518039, 2.99972962, 0.45720265, 5.60409284, 3.62873958,
       1.52355034, 1.4714209 , 3.8727251 , 0.37934613, 2.04681904,
       0.57723484, 2.39772683, 0.95060289, 2.39440095, 2.9794291 ,
       4.92940056, 2.31294615, 3.36438109, 4.70848584, 1.80512028,
       0.28086518, 2.98848438, 1.49830346, 3.09020429, 3.51133672,
       0.49340804]), array([0.34829666, 2.7808285 , 3.90563658, 5.76605664, 5.69002165,
       5.35053533, 1.93721013, 5.40174969, 3.91093308, 5.93329937,
       2.04258978, 5.89531653, 3.67867804, 0.43043873, 4.34649089,
       2.22701839, 2.35014207, 5.36026611, 5.49974547, 5.40688315,
       3.38407944, 2.44556391, 0.04170757, 3.65126511, 2.1685189 ,
       0.17726639, 0.18118778, 2.66089767, 1.72896942, 0.19377879,
       1.93587306, 2.13777356, 2.93537581, 3.79240367, 4.6833308 ,
       3.27375799]), array([3.67599635, 4.88534799, 5.60874352, 0.11485231, 5.47369712,
       2.4628245 , 1.97889988, 3.9496641 , 2.80538622, 2.16805728,
       4.55082354, 0.31214249, 1.66750434, 0.50864259, 0.79374014,
       5.4604132 , 5.95812006, 1.26857025, 2.64877519, 5.28719134,
       2.28090325, 4.43133941, 0.47934135, 2.67457512, 5.98687158,
       0.4161505 , 4.25325584, 4.72417605, 4.08970781, 2.36202778,
       2.98262618, 4.93068032, 2.75633422, 1.05024216, 4.54218633,
       5.41771639]), array([3.96174208, 0.57009533, 0.34262789, 4.09633529, 1.2179557 ,
       4.25986296, 5.26898057, 5.31195697, 6.19132694, 0.9187407 ,
       5.84857234, 2.25081689, 1.38588368, 4.50617388, 6.47789166,
       1.74383326, 0.79179825, 5.44196488, 4.12566463, 5.77436193,
       5.81653646, 2.82138235, 2.47847522, 2.11184067, 1.53161118,
       1.27187779, 2.75996103, 3.36122443, 1.94580664, 0.33442593,
       5.06875715, 5.58775954, 5.79674849, 0.42505591, 2.15264677,
       1.47034302]), array([1.78851332, 2.16571002, 5.9284201 , 0.38322646, 0.97612284,
       3.86726575, 1.89392155, 0.8121096 , 6.31500279, 0.59063859,
       4.95899973, 1.10019942, 0.48774016, 4.17969459, 4.25716121,
       2.71628063, 3.85559934, 5.89048268, 4.52247705, 6.27881412,
       1.12426957, 5.31206317, 5.27018217, 4.64639114, 4.66285261,
       3.32204693, 2.45457035, 1.36804017, 4.22145799, 3.90955953,
       2.51601453, 0.4248002 , 5.50544338, 1.57939641, 3.38778384,
       4.80997518]), array([3.83639002, 5.22394142, 0.70930697, 0.73810536, 5.47464405,
       3.36859413, 2.32662732, 2.73521838, 4.48646436, 0.6725818 ,
       2.06233659, 3.40940686, 4.84850683, 5.96627842, 0.12525091,
       3.77883885, 5.13996505, 2.79191243, 3.09513766, 4.81598358,
       5.92511063, 4.52801956, 0.83804874, 3.24943459, 1.87589716,
       1.23118583, 5.49247743, 5.72847723, 4.28222464, 4.35703479,
       3.73155045, 5.46081248, 2.87612207, 4.1998258 , 1.42861538,
       2.09150497]), array([ 3.72510507,  3.69552159,  4.84138758,  2.67508678,  1.47731359,
        2.69373157,  4.3132475 ,  1.11650237,  2.42413341,  2.87911925,
        5.96611542,  4.44313316,  2.82079398,  2.36298371,  1.69618046,
        5.1606678 ,  4.25070952,  3.87279894,  5.1798429 ,  2.98889391,
        2.44389481,  0.37956238,  1.87999876,  0.9263094 ,  1.58769691,
        6.05188489,  0.82519489,  1.00291001, -0.03460027,  3.69788022,
        0.63576684,  5.1042243 ,  5.288646  ,  2.40880964,  5.81637616,
        4.30839371]), array([5.99137497, 4.61547611, 5.77425986, 3.62502611, 2.54307634,
       5.9250759 , 0.60416288, 6.50187902, 5.89152971, 2.71389399,
       1.9961473 , 1.40419894, 5.45099323, 4.9049154 , 2.35942381,
       6.25486488, 1.90383846, 6.13801737, 5.07696874, 1.9664295 ,
       4.73894631, 0.46862812, 0.92050565, 2.62112007, 5.28608438,
       3.72431423, 0.85787458, 5.08990324, 5.53963241, 0.44902179,
       0.43710862, 1.49382401, 2.03650812, 0.07981627, 5.08928291,
       2.12815644]), array([5.34290548, 3.70077159, 4.96163244, 2.7405384 , 2.49836536,
       5.52397307, 4.23455318, 0.81681116, 4.89521756, 3.74688904,
       1.53359533, 0.3316841 , 2.64987773, 4.09662995, 1.56752335,
       0.53127174, 2.32061645, 3.62337677, 3.43844832, 5.08179162,
       3.9202969 , 2.89120733, 4.07072743, 0.43139947, 6.04526406,
       4.55659421, 4.53210172, 1.79932277, 1.1646658 , 2.37956282,
       3.6814717 , 0.19868219, 4.87780391, 2.68165582, 4.72419035,
       5.94493694]), array([2.92818216, 1.34542706, 1.84831073, 2.39187311, 4.92064072,
       5.38408763, 0.15153925, 3.10240179, 2.85216153, 1.44249412,
       2.15563952, 5.70383212, 1.08967996, 5.77800473, 0.19346032,
       2.35038104, 5.83075881, 0.80291488, 3.95181189, 3.83302867,
       5.43406001, 0.51568623, 0.16185675, 2.47833381, 4.98102295,
       3.22453442, 5.33302863, 3.06965341, 0.5369406 , 0.73140877,
       0.61167558, 4.94538393, 4.24233146, 2.06350442, 0.95463575,
       2.82664237]), array([4.78729365, 5.25689855, 6.28639605, 0.81287402, 3.61366486,
       2.61473092, 3.79973743, 1.32268291, 2.41973523, 0.99993031,
       5.48561276, 4.38299388, 5.6329489 , 4.26856698, 2.32379026,
       3.89419656, 5.49960042, 4.92038667, 2.41343628, 0.31938473,
       4.75050627, 5.99306704, 1.94099005, 2.02950079, 2.42213818,
       3.88719317, 0.97560915, 5.46210918, 2.68953729, 2.0404012 ,
       2.41581202, 4.9756394 , 4.06749443, 5.65188093, 5.21508527,
       5.53831619]), array([5.45140406, 5.2865183 , 6.05767586, 3.65514114, 6.44283886,
       3.54727702, 7.23064831, 4.99079776, 2.81137782, 3.5043383 ,
       6.04603323, 5.05033836, 2.91805775, 4.44936401, 2.81798955,
       2.65529777, 4.41916719, 2.08413601, 3.33094778, 5.47270645,
       5.12988928, 0.44121059, 1.97731619, 5.65001657, 1.00355338,
       5.56861412, 0.79859544, 3.37077016, 5.52136418, 0.51236336,
       5.65596855, 1.02429087, 0.44075871, 2.47118632, 1.60388787,
       0.03724472]), array([4.4785741 , 2.8418184 , 1.20522736, 0.26273771, 3.46649863,
       0.39328751, 2.88537128, 4.28364411, 0.76503379, 2.01230717,
       3.43973369, 5.99050227, 1.41585695, 0.70183921, 1.2700581 ,
       1.50249443, 0.34616752, 3.0632198 , 6.09923571, 4.92454456,
       3.81266616, 4.23246746, 6.24236044, 0.85028217, 1.56837585,
       2.26647196, 3.69948372, 3.61198499, 5.06001289, 0.93323734,
       1.29100468, 0.31789085, 6.14043313, 0.55395904, 0.07721   ,
       4.97697752]), array([ 6.93802678,  4.9427707 ,  3.74107367,  3.61878048,  1.70702195,
        5.90902073,  2.11911179,  1.45086978,  3.9036741 ,  5.23146995,
        4.21348285,  6.08910614,  1.78113864,  4.43784175,  2.19249864,
        6.13216848,  5.57688949,  4.26497257,  4.82600508,  0.74188104,
        4.98551907,  6.0786302 ,  1.0811252 , -0.02070181,  4.52640523,
        5.61166476,  3.87077266,  2.14776633,  5.18417016,  2.82899898,
        1.33646063,  1.84281649,  4.38855041,  2.49291837,  3.61831953,
        2.80762475]), array([6.43964576, 3.52625446, 1.36304272, 7.21959101, 1.77290971,
       5.36137686, 7.26024564, 1.47756768, 2.34106209, 1.75635825,
       0.27065669, 5.63917878, 1.05906438, 3.0073362 , 6.17198021,
       6.89228673, 5.2028784 , 3.79624104, 1.1899445 , 4.13431104,
       4.51501572, 0.24328301, 3.03355021, 4.42094015, 3.51988477,
       0.29560512, 4.90600938, 2.44972329, 3.56379514, 0.81654577,
       2.96408161, 2.73260023, 1.12597578, 0.69085811, 5.91406602,
       5.9360001 ]), array([1.50072610e+00, 1.07430279e+00, 5.24819370e+00, 1.16884034e+00,
       4.02396078e+00, 6.09775428e+00, 1.82980791e+00, 5.32089547e+00,
       5.21104881e+00, 1.69810192e-01, 5.96330427e+00, 5.80959860e-01,
       3.59158981e+00, 3.38473178e-01, 4.58951139e+00, 6.24206515e-01,
       1.91252770e+00, 4.78831581e+00, 6.18861651e+00, 4.38850468e+00,
       5.60415028e+00, 8.88986166e-01, 5.02205881e+00, 4.72102604e+00,
       1.09843825e+00, 3.77546683e+00, 3.75694288e-03, 5.72486381e+00,
       1.76092422e+00, 6.23341854e+00, 2.51057696e+00, 2.07083153e+00,
       5.73509704e+00, 5.45728495e+00, 4.47299498e+00, 4.42814534e+00]), array([2.0028198 , 4.70403416, 2.59873641, 6.25333522, 3.90214784,
       1.81288234, 0.33931517, 0.16209065, 2.89614076, 4.5870641 ,
       0.66936138, 3.11898025, 1.56693341, 0.42093138, 1.33334522,
       0.33752295, 3.3305838 , 2.16250659, 1.71607053, 3.55734375,
       0.38302272, 5.38604824, 1.32817215, 3.81571937, 4.12217954,
       6.02758444, 4.03186392, 6.24090716, 4.87345409, 4.69934613,
       2.86362152, 5.55921283, 1.74471368, 2.34980045, 2.07069681,
       4.79743583]), array([3.48719846, 5.58903225, 3.31422279, 5.27106507, 4.69473536,
       5.99901436, 3.15647999, 0.68918587, 0.80549698, 0.2773073 ,
       1.82668131, 0.41802685, 5.52078804, 5.74401125, 0.28669267,
       3.6335378 , 5.43543974, 4.98327358, 5.76221623, 1.74577552,
       2.59528055, 3.18614862, 4.32480065, 4.65419227, 0.32832668,
       5.76969704, 2.09960144, 4.1938547 , 0.38074407, 1.27188269,
       4.78482616, 4.71459628, 5.3055232 , 5.75727747, 2.1645813 ,
       3.47014087]), array([7.18285735, 7.03122595, 3.45292453, 3.45585969, 1.36056096,
       2.36585112, 5.30171827, 6.02923218, 5.30585246, 3.94203615,
       1.1279954 , 4.91178476, 2.68323864, 5.83347861, 2.00942492,
       0.29771055, 1.66697844, 4.00970937, 3.60585507, 3.54502846,
       5.84502067, 0.98168761, 1.72908834, 4.82676447, 5.32453415,
       5.67145452, 3.00464597, 1.13120363, 3.86258048, 5.81711368,
       0.52301822, 3.39520192, 5.43854047, 3.0509395 , 3.37174798,
       4.27762154]), array([2.49968294, 6.34744119, 5.59072174, 4.36567641, 1.00795739,
       4.38022145, 4.2685387 , 1.35796721, 2.93982391, 6.23813272,
       3.80384558, 1.53360866, 3.19403301, 1.61279503, 5.20829553,
       2.60859321, 3.80432145, 4.53814926, 1.36653049, 4.6030322 ,
       1.31579453, 3.04920442, 4.76388559, 1.14492994, 2.699187  ,
       0.12048272, 5.33379202, 1.61384733, 0.99893906, 3.3409181 ,
       1.23741684, 5.8129786 , 5.45884628, 4.38088294, 3.75413237,
       3.01388246]), array([ 4.4330801 ,  6.98194233,  6.14054056,  2.57203979,  1.46557611,
        2.27139549,  5.13432415,  1.38258372,  6.15858881,  5.31195009,
        5.81866531,  5.23179357,  4.35970315,  0.5445908 ,  5.02093919,
        1.25199827, -0.03922147,  2.45865959,  3.59137887,  5.09167129,
        4.20059704,  1.54806057,  3.4985972 ,  3.20168009,  1.68031588,
        3.09242228,  4.67225003,  4.00276389,  5.77751502,  4.36632293,
        6.04465001,  4.27226982,  4.87051145,  0.75083533,  3.77630165,
        0.80631319]), array([0.2950117 , 2.68023286, 5.10716601, 7.35183601, 3.05626685,
       1.4595819 , 5.30362831, 1.58106161, 1.92507403, 5.24312641,
       6.1575289 , 3.80128696, 3.24395491, 2.46040971, 4.88251938,
       6.22801962, 5.36907296, 6.06745544, 1.69722704, 4.54509326,
       1.43682425, 5.25421431, 2.8793448 , 4.77523722, 0.65418447,
       3.26568461, 1.45201613, 3.75493682, 1.89297518, 3.71406565,
       2.69669731, 4.85146689, 5.83880698, 3.37198729, 5.86291677,
       0.18244445]), array([4.53588953, 3.83459597, 2.97601956, 3.37297138, 2.55500131,
       6.13255198, 4.2899053 , 0.08843042, 2.20079028, 5.2953381 ,
       5.69130728, 1.78189453, 1.8230114 , 6.14933277, 3.3185363 ,
       0.25934805, 4.5876559 , 5.0191639 , 4.32651596, 6.3019487 ,
       4.99431744, 6.04627663, 2.05568599, 3.14173724, 5.9230021 ,
       5.49016113, 4.50732895, 3.19521727, 2.43295611, 5.09089919,
       6.13812991, 0.62704609, 4.8479474 , 4.77407097, 2.8718147 ,
       1.05204537]), array([6.94422161, 3.54356163, 2.5984173 , 2.26786044, 1.94598016,
       0.91259287, 5.63492405, 1.06777948, 4.92298637, 0.41484436,
       1.39508462, 4.41628178, 5.98427677, 3.49370261, 1.18014953,
       4.1036241 , 4.93133477, 2.97332525, 0.83415747, 3.39458488,
       0.60399248, 5.23581458, 2.05420202, 3.03923198, 4.0268114 ,
       0.91489833, 1.31845915, 1.10587587, 0.6071833 , 5.10780285,
       4.67967998, 1.04023028, 2.35925071, 2.59403164, 0.80023201,
       5.71399547])]","[324.14829659461975, 329.5263617038727, 327.154634475708, 327.10026597976685, 331.31815552711487, 331.23315048217773, 329.3558111190796, 328.7129101753235, 329.0249764919281, 328.62145161628723, 330.33397459983826, 329.9854428768158, 331.3184003829956, 330.4624536037445, 330.62698101997375, 330.5535840988159, 331.1178469657898, 328.3748939037323, 328.8633117675781, 329.89935278892517, 331.33980679512024, 330.70029187202454, 331.4803900718689, 327.39154863357544, 330.1214032173157, 325.1032326221466, 325.9590618610382, 328.66751623153687, 328.3719787597656, 328.23364305496216, 329.8359839916229, 327.7052390575409, 326.6382224559784, 326.61051988601685, 327.7667090892792, 325.8713653087616, 330.2658076286316, 328.04099321365356, 328.6328330039978, 329.2933588027954, 327.5552191734314, 328.9447581768036, 328.65562534332275, 329.30218505859375, 327.62184739112854, 328.65644216537476, 327.4079349040985, 326.8271520137787, 327.1325922012329, 328.8959593772888, 328.8599419593811, 328.6047945022583, 329.3085422515869, 329.14981842041016, 327.4863967895508, 330.0525634288788, 327.6861777305603, 327.7379639148712, 328.5916669368744, 326.6538405418396, 329.1727845668793, 329.2830843925476, 328.35418915748596, 327.9613211154938, 328.78296637535095, 329.30741786956787, 330.82667446136475, 328.3388502597809, 329.8823981285095, 329.82708525657654, 329.0959429740906, 331.2609975337982, 331.4401822090149, 325.07437467575073, 328.3370132446289, 330.8002960681915, 332.5998921394348, 330.07091879844666, 330.5903525352478, 331.5123631954193, 329.80058431625366, 331.2395439147949, 329.76086688041687, 326.9437110424042, 328.7412197589874, 328.57894945144653, 329.0559878349304, 328.4516327381134, 329.40099334716797, 329.8995666503906, 328.2179238796234, 329.4801173210144, 330.09162759780884, 327.9342224597931, 329.2526376247406, 329.88954281806946, 332.70133090019226, 330.67573976516724, 329.19412422180176, 331.37593126296997]"
