,problem,layers,optimizer,solutions,parameters,time
0,"{'type': 'maxcut', 'graph': {'directed': False, 'multigraph': False, 'graph': {}, 'nodes': [{'id': 0}, {'id': 1}, {'id': 2}, {'id': 3}, {'id': 4}, {'id': 5}, {'id': 6}, {'id': 7}, {'id': 8}, {'id': 9}], 'links': [{'weight': 2, 'source': 0, 'target': 1}, {'weight': 8, 'source': 0, 'target': 2}, {'weight': 9, 'source': 0, 'target': 4}, {'weight': 3, 'source': 0, 'target': 8}, {'weight': 8, 'source': 1, 'target': 8}, {'weight': 3, 'source': 1, 'target': 7}, {'weight': 2, 'source': 1, 'target': 4}, {'weight': 8, 'source': 2, 'target': 5}, {'weight': 4, 'source': 2, 'target': 7}, {'weight': 5, 'source': 2, 'target': 6}, {'weight': 1, 'source': 2, 'target': 8}, {'weight': 5, 'source': 2, 'target': 4}, {'weight': 9, 'source': 3, 'target': 9}, {'weight': 5, 'source': 4, 'target': 9}, {'weight': 8, 'source': 4, 'target': 8}, {'weight': 3, 'source': 4, 'target': 5}, {'weight': 2, 'source': 5, 'target': 7}, {'weight': 1, 'source': 6, 'target': 9}, {'weight': 3, 'source': 6, 'target': 8}, {'weight': 4, 'source': 7, 'target': 8}]}, 'position': {0: [0.24204428062482, -0.06677421682810669], 1: [0.32314010576453656, -0.43797829042474873], 2: [-0.12909846343078418, -0.16985924192671992], 3: [0.08043444994651282, 1.0], 4: [0.0532073066558762, 0.06876329180968649], 5: [-0.361330357806971, -0.3165648428932987], 6: [-0.30645855874369093, 0.12764071248226797], 7: [-0.04514601830171503, -0.5885549543034304], 8: [0.09686835846710394, -0.2575914626291951], 9: [0.04633889682431107, 0.6409190047135446]}, 'solution': ([0, 1, 1, 1, 1, 0, 0, 0, 0, 0], 73.0)}",19,"{'optimizer': 'COBYLA', 'maxiter': 100, 'shots': 1024, 'parameter_strategy': 'RANDOM', 'x0': None, 'backend': <QAOA_Tester.Backend.StatevectorEstimatorBackend object at 0x7fc1f407d9f0>}","[([0, 1, 1, 0, 0, 0, 1, 1, 0, 1], -57.0), ([1, 1, 0, 0, 1, 0, 0, 0, 0, 0], -43.0), ([1, 0, 0, 0, 1, 0, 0, 0, 0, 0], -36.0), ([0, 1, 0, 1, 1, 0, 0, 1, 0, 0], -59.0), ([0, 1, 0, 1, 0, 0, 0, 0, 1, 1], -32.0), ([1, 0, 1, 0, 0, 1, 1, 1, 0, 0], -34.0), ([0, 1, 1, 0, 1, 0, 0, 1, 1, 0], -48.0), ([1, 1, 1, 0, 1, 0, 1, 1, 0, 1], -49.0), ([0, 1, 1, 0, 1, 0, 1, 1, 1, 1], -44.0), ([0, 0, 1, 0, 0, 1, 0, 1, 1, 0], -46.0), ([1, 1, 0, 1, 0, 1, 0, 1, 1, 0], -55.0), ([1, 1, 0, 0, 0, 1, 0, 1, 0, 0], -49.0), ([1, 0, 1, 0, 0, 0, 1, 0, 0, 1], -49.0), ([1, 0, 0, 0, 1, 1, 1, 0, 1, 0], -51.0), ([0, 1, 0, 0, 1, 0, 1, 1, 0, 0], -59.0), ([0, 1, 1, 0, 1, 0, 1, 1, 1, 0], -41.0), ([0, 1, 0, 1, 0, 1, 1, 0, 0, 1], -41.0), ([1, 1, 0, 0, 0, 0, 1, 1, 0, 0], -49.0), ([1, 0, 1, 0, 1, 1, 1, 0, 0, 0], -31.0), ([0, 1, 0, 0, 0, 1, 1, 0, 1, 1], -55.0), ([0, 1, 0, 0, 1, 0, 0, 1, 1, 1], -42.0), ([1, 1, 0, 0, 0, 0, 1, 0, 1, 1], -54.0), ([0, 0, 1, 1, 1, 1, 0, 0, 1, 1], -49.0), ([1, 0, 1, 1, 1, 1, 1, 0, 1, 0], -37.0), ([1, 1, 0, 0, 1, 1, 1, 1, 0, 0], -62.0), ([0, 0, 0, 0, 0, 0, 1, 1, 1, 0], -35.0), ([1, 1, 1, 1, 0, 0, 0, 0, 0, 1], -54.0), ([1, 0, 0, 0, 1, 0, 1, 0, 0, 1], -48.0), ([0, 0, 0, 1, 1, 1, 0, 1, 0, 1], -44.0), ([0, 1, 0, 1, 0, 0, 1, 1, 1, 0], -37.0), ([1, 1, 1, 0, 1, 0, 0, 0, 0, 1], -53.0), ([1, 0, 1, 0, 1, 1, 0, 0, 1, 1], -40.0), ([1, 0, 1, 1, 0, 0, 1, 1, 1, 1], -50.0), ([0, 1, 1, 1, 0, 1, 0, 1, 1, 0], -48.0), ([0, 0, 0, 0, 0, 1, 0, 1, 1, 1], -56.0), ([0, 1, 0, 1, 1, 1, 1, 0, 0, 1], -53.0), ([1, 1, 1, 1, 1, 1, 1, 0, 0, 1], -32.0), ([1, 1, 1, 1, 1, 0, 0, 1, 1, 1], -22.0), ([1, 1, 1, 0, 1, 0, 0, 0, 1, 1], -40.0), ([1, 1, 1, 0, 0, 0, 0, 0, 1, 1], -66.0), ([0, 1, 1, 0, 0, 1, 0, 1, 1, 1], -54.0), ([1, 0, 0, 1, 1, 0, 0, 1, 0, 0], -58.0), ([0, 0, 0, 1, 1, 0, 1, 1, 1, 0], -60.0), ([0, 0, 0, 0, 1, 0, 0, 1, 0, 0], -45.0), ([0, 0, 1, 1, 1, 0, 0, 1, 1, 1], -55.0), ([1, 1, 1, 1, 0, 0, 0, 0, 0, 1], -54.0), ([0, 0, 0, 0, 0, 1, 0, 1, 0, 0], -22.0), ([1, 0, 1, 1, 1, 1, 0, 1, 1, 0], -37.0), ([0, 1, 1, 1, 0, 0, 1, 1, 1, 0], -48.0), ([0, 0, 0, 0, 1, 1, 0, 0, 1, 0], -50.0), ([1, 0, 0, 1, 0, 0, 0, 0, 1, 1], -49.0), ([0, 0, 0, 0, 0, 1, 1, 0, 1, 1], -56.0), ([1, 1, 1, 0, 1, 0, 0, 1, 0, 0], -47.0), ([1, 0, 0, 1, 0, 0, 0, 0, 1, 0], -52.0), ([1, 0, 0, 0, 0, 0, 1, 0, 1, 1], -59.0), ([0, 0, 0, 0, 0, 1, 0, 0, 0, 0], -13.0), ([0, 1, 1, 1, 1, 0, 0, 0, 0, 1], -60.0), ([0, 1, 0, 0, 0, 0, 1, 0, 0, 0], -24.0), ([1, 1, 0, 1, 0, 1, 1, 1, 0, 0], -67.0), ([1, 0, 1, 0, 0, 1, 1, 1, 1, 0], -39.0), ([1, 1, 0, 0, 0, 1, 0, 1, 1, 0], -46.0), ([0, 1, 1, 1, 0, 0, 1, 1, 1, 0], -48.0), ([0, 1, 1, 0, 0, 0, 0, 1, 1, 0], -46.0), ([0, 0, 1, 1, 0, 1, 0, 0, 1, 1], -59.0), ([0, 0, 1, 1, 1, 0, 1, 0, 0, 0], -61.0), ([0, 0, 1, 1, 0, 1, 0, 0, 1, 0], -62.0), ([1, 0, 0, 0, 1, 1, 0, 0, 1, 1], -53.0), ([1, 0, 0, 1, 1, 1, 1, 1, 0, 0], -70.0), ([1, 0, 0, 1, 1, 0, 0, 0, 1, 1], -37.0), ([0, 1, 1, 1, 1, 1, 1, 0, 0, 1], -48.0), ([0, 0, 1, 0, 1, 0, 0, 0, 0, 1], -58.0), ([1, 1, 1, 1, 1, 1, 0, 0, 1, 0], -35.0), ([1, 0, 0, 0, 1, 0, 1, 1, 0, 0], -58.0), ([0, 1, 0, 1, 1, 1, 1, 0, 0, 1], -53.0), ([1, 0, 0, 1, 0, 0, 0, 1, 1, 0], -57.0), ([1, 1, 1, 0, 1, 1, 1, 1, 0, 1], -36.0), ([0, 1, 0, 1, 1, 1, 0, 1, 0, 1], -49.0), ([0, 0, 1, 1, 0, 0, 1, 1, 1, 1], -50.0), ([0, 1, 1, 0, 1, 0, 1, 0, 1, 1], -53.0), ([0, 1, 1, 1, 0, 1, 0, 1, 1, 0], -48.0), ([1, 0, 0, 0, 1, 1, 1, 0, 1, 1], -54.0), ([1, 0, 0, 1, 1, 0, 0, 0, 1, 1], -37.0), ([1, 0, 1, 0, 1, 0, 1, 1, 1, 0], -34.0), ([1, 0, 0, 1, 0, 1, 1, 1, 0, 1], -57.0), ([1, 1, 1, 1, 1, 1, 0, 1, 0, 0], -43.0), ([1, 1, 1, 0, 0, 0, 0, 1, 0, 0], -47.0), ([1, 0, 0, 1, 0, 0, 1, 1, 1, 0], -60.0), ([0, 1, 1, 0, 0, 1, 1, 0, 0, 0], -42.0), ([0, 0, 1, 1, 1, 0, 0, 0, 1, 0], -71.0), ([1, 1, 1, 0, 0, 0, 0, 1, 1, 1], -57.0), ([0, 1, 1, 0, 0, 1, 1, 1, 1, 1], -45.0), ([0, 0, 0, 0, 1, 1, 1, 0, 0, 1], -51.0), ([0, 0, 1, 0, 0, 1, 1, 0, 1, 1], -59.0), ([1, 1, 1, 1, 0, 1, 1, 1, 1, 0], -37.0), ([1, 0, 1, 1, 1, 1, 0, 0, 0, 0], -41.0), ([0, 1, 0, 1, 0, 0, 0, 1, 1, 1], -31.0), ([0, 0, 1, 1, 1, 1, 1, 1, 0, 0], -53.0), ([0, 1, 1, 1, 1, 0, 0, 1, 1, 0], -57.0), ([1, 0, 1, 1, 1, 0, 0, 1, 0, 0], -55.0), ([1, 0, 1, 1, 0, 1, 1, 0, 0, 1], -37.0)]","[array([5.21338377, 3.25358772, 4.07449007, 5.16118995, 3.29281201,
       4.30716078, 4.0205099 , 4.03126537, 1.42314103, 4.73024568,
       4.57444664, 5.66402586, 1.51903518, 4.14335323, 6.26130525,
       1.79919899, 2.49255828, 1.71725137, 5.61116512, 5.73657665,
       6.90898807, 3.2424304 , 3.44805195, 2.25440634, 4.10814288,
       6.21842087, 2.42603613, 5.73537542, 6.09661516, 3.66030964,
       5.41936067, 5.16120029, 4.03884314, 4.91798724, 5.34002305,
       5.70536171, 4.44674851, 4.4660884 ]), array([4.04876578, 4.76112883, 3.04595659, 4.255496  , 2.52137677,
       5.48066318, 2.84595711, 4.33419778, 3.14962706, 1.63705626,
       1.73516455, 4.03308839, 4.86893009, 1.95538439, 4.70891266,
       2.14620209, 5.05826708, 2.376943  , 0.01942975, 1.12927857,
       5.32463947, 2.97438753, 6.26312649, 3.5832109 , 4.58382802,
       0.2513132 , 4.04172711, 3.47645336, 0.43156244, 5.18907221,
       5.3757604 , 3.8003358 , 4.89953074, 5.17287478, 0.89769593,
       4.98480239, 1.95283009, 3.4099506 ]), array([2.11289851, 0.70802554, 1.03341075, 5.99954213, 6.14817355,
       5.60500851, 6.1786201 , 2.67021774, 2.98589974, 0.47008783,
       3.86874117, 5.37393464, 0.9858788 , 5.51147134, 3.00652764,
       1.34450216, 1.47465318, 0.19255431, 1.10385922, 2.09341194,
       3.28736662, 2.37738963, 4.40179041, 4.90854017, 3.23815823,
       4.35279152, 2.84465928, 0.75262215, 0.63926362, 5.342197  ,
       0.70098131, 5.53811195, 6.20414163, 3.12207082, 1.16574271,
       0.77291535, 0.08552414, 1.02238098]), array([2.01881228, 1.79653932, 1.1658455 , 6.24658614, 4.67339474,
       5.68173735, 3.54275547, 2.74947001, 0.50457443, 5.48923009,
       2.7431119 , 5.15763779, 4.97734609, 0.00997133, 3.83369047,
       0.59709742, 3.70147349, 1.3025399 , 2.36550687, 4.52551283,
       0.34847427, 3.59340566, 4.36461649, 1.78525891, 2.94042296,
       3.85151819, 2.22368291, 4.16463335, 2.24413698, 4.89441329,
       2.12435059, 2.21658864, 4.29265033, 5.89614428, 6.05432765,
       0.43195409, 0.07593092, 3.1291143 ]), array([0.60949245, 5.6706738 , 4.99516696, 2.2909027 , 5.0564295 ,
       0.07468995, 2.5735889 , 4.63688533, 0.49644236, 6.13613931,
       1.98128625, 2.81041956, 1.0327107 , 0.8200329 , 5.16126267,
       3.68735722, 1.85434062, 3.01183303, 5.12694404, 5.96114301,
       2.5082316 , 5.69392803, 1.77046134, 0.06366311, 0.3297677 ,
       5.47204457, 2.52298683, 1.70477563, 0.95765308, 3.14898427,
       2.42221808, 1.51770156, 2.44906319, 6.01547816, 0.37865513,
       1.88979254, 2.88412079, 3.38610905]), array([1.81861639, 5.67426746, 4.43573933, 1.22898724, 5.09619048,
       3.20861968, 1.02963902, 3.42880553, 3.75142079, 1.76685756,
       2.28781193, 4.12758403, 4.28068752, 5.61754516, 4.6539019 ,
       4.58625372, 6.69746982, 0.56396301, 1.87763815, 0.60199392,
       4.53973682, 0.28854403, 1.32817582, 5.46842599, 3.49200246,
       0.66286519, 0.21143657, 3.83212134, 4.09831436, 5.90399241,
       6.22346613, 3.77109954, 5.96974739, 2.94039601, 5.89577048,
       3.71099033, 4.16587457, 4.7783663 ]), array([5.8735649 , 4.57325342, 0.9453446 , 1.25017614, 0.47735876,
       0.81257783, 4.06126678, 1.58375151, 3.60299169, 0.98837564,
       2.48828078, 4.18988452, 2.76202919, 3.88910842, 5.76951809,
       0.55295944, 3.3165814 , 2.52828132, 6.40276025, 1.94147723,
       3.36721047, 4.15419407, 3.29028353, 4.15077971, 0.55817884,
       0.58599392, 3.39159029, 3.35051523, 3.12814683, 5.92235027,
       3.85026459, 2.17464363, 6.19990181, 1.98158664, 5.77843436,
       1.52314325, 5.59531944, 2.06112936]), array([0.28031947, 6.03773987, 0.66567788, 1.80788773, 5.15400128,
       4.8162925 , 1.68047211, 4.91972478, 0.76448837, 1.49691368,
       5.08641415, 2.93842655, 1.456479  , 2.30373247, 1.82877559,
       2.16874334, 1.37377958, 1.27145496, 4.28985571, 4.40596649,
       2.32688977, 0.46563794, 6.21804379, 3.04966419, 2.29687654,
       6.13169593, 4.33047013, 5.2064832 , 3.86442693, 5.86796955,
       0.25204135, 4.2647961 , 1.97115101, 5.80876256, 2.78375882,
       3.17225103, 1.36422008, 4.55597512]), array([2.90149987, 3.73834294, 6.53250535, 5.74723751, 2.73023455,
       3.71528983, 5.69972645, 4.33967093, 1.60404852, 1.67596822,
       2.3740454 , 4.87127381, 0.89358146, 1.81404526, 7.0808001 ,
       2.78911422, 3.35263876, 0.28424759, 1.14074836, 4.99810492,
       3.24826455, 6.0333806 , 4.17988811, 2.78786271, 1.33434888,
       1.62740585, 4.37664918, 5.58943322, 4.63866814, 5.58201268,
       0.9258123 , 4.8931453 , 4.3192124 , 5.75417686, 3.19324755,
       1.90134618, 0.35223488, 1.62627021]), array([3.95083604, 5.36941307, 6.3278887 , 4.64273088, 3.42585175,
       0.8969174 , 3.01027987, 2.52575307, 5.73437338, 5.12537867,
       6.91336235, 0.8069412 , 6.0582381 , 3.82721656, 0.53940335,
       0.69655501, 4.61889233, 1.22467766, 0.84146692, 4.69355226,
       5.60001127, 5.39068051, 1.64810462, 3.49260521, 2.08412802,
       0.19222434, 6.06843937, 0.17530255, 0.78717672, 3.0622733 ,
       3.26500938, 0.61516049, 1.15373545, 3.76430161, 4.24684433,
       2.85695007, 4.34983694, 3.14022662]), array([5.51545447, 1.94569011, 5.82307558, 4.19197323, 3.97999594,
       6.14075868, 2.33445012, 5.25057217, 3.88484928, 5.33793981,
       2.25363463, 2.02526165, 5.35524664, 2.65672867, 5.81515122,
       0.39999061, 5.81134169, 4.87347587, 0.20615517, 1.14836544,
       2.73422291, 1.66686019, 2.63908265, 2.66381836, 3.12368416,
       0.83409988, 0.57467507, 2.99695809, 2.26757988, 1.42072946,
       2.89474641, 3.93653357, 5.11124708, 6.09369277, 3.87874273,
       4.65841971, 1.49498831, 0.15421967]), array([1.76952083, 6.84281927, 5.91945425, 2.14208821, 3.23506559,
       4.93887194, 4.79682993, 0.46643563, 2.34808369, 1.16801002,
       1.92968967, 2.17300152, 3.69553642, 4.63224789, 0.35325369,
       1.01408987, 3.56245582, 3.78176069, 1.06160327, 1.86532419,
       1.16947792, 0.55963142, 3.61345583, 1.75129913, 6.27180862,
       1.29753055, 4.41075934, 0.52800138, 1.23449321, 3.35568942,
       5.46100908, 4.17102956, 1.83540487, 1.41948004, 4.56752187,
       3.75164961, 0.62633592, 3.39064692]), array([3.81938112, 4.77960645, 2.29851226, 1.36891393, 1.48916949,
       5.54407471, 2.3134114 , 4.92433531, 4.22809123, 2.69130049,
       3.24884232, 4.22615667, 1.04106828, 5.34261418, 5.90602031,
       1.61447694, 4.16002052, 0.33731496, 1.06490509, 3.0832237 ,
       3.95691425, 1.45824082, 3.44304561, 6.21148108, 2.88041762,
       2.33582968, 0.84337846, 0.67819306, 1.37706251, 5.69731519,
       2.34551909, 4.2195094 , 3.044203  , 0.90149324, 1.18504908,
       5.92946417, 0.46988254, 5.41027819]), array([6.94627853, 1.05623283, 1.08844912, 6.95760207, 1.99566598,
       4.75980884, 1.53337947, 4.83117497, 0.63254386, 3.6113984 ,
       0.56277292, 4.67805095, 0.95834311, 0.18250972, 0.3604544 ,
       5.92478989, 2.54541423, 3.7852989 , 2.77013129, 4.1422115 ,
       1.25596823, 1.01551039, 0.27725213, 5.60875821, 4.33161732,
       5.8388749 , 1.22275886, 6.26740075, 5.60724529, 0.52714935,
       0.71660747, 0.73652983, 6.01876022, 1.27119894, 0.33965695,
       4.26388615, 3.91032888, 6.03964261]), array([2.60961701, 2.48766313, 0.71302341, 3.01820998, 0.57604764,
       4.97535654, 1.73786987, 0.69386591, 2.42934535, 1.40334536,
       1.36293715, 3.58036317, 0.3382816 , 0.25610561, 0.30822233,
       3.55480869, 4.71430766, 1.01308712, 2.8946178 , 4.55362803,
       5.859837  , 2.90853862, 1.86296309, 2.90852527, 2.77450294,
       0.33793529, 1.77009934, 3.94272037, 2.67518859, 1.32751878,
       1.0930601 , 3.21982584, 1.54847929, 5.41184859, 2.30826765,
       1.34574032, 1.7700389 , 5.36700002]), array([5.19420067, 3.90991175, 4.53729301, 6.08405573, 4.6256541 ,
       0.37200552, 5.09298498, 1.18657498, 2.86486827, 4.26770073,
       4.67117951, 5.95108404, 3.98771721, 6.3032095 , 4.87976287,
       5.81831731, 2.87760897, 3.02518457, 0.41795025, 6.13099064,
       0.07077739, 2.08842113, 4.42950239, 0.89247862, 3.95582911,
       5.33114751, 3.79333056, 1.53702517, 4.19190905, 5.52749323,
       3.86422199, 2.22014264, 4.90140492, 5.16156096, 3.64918448,
       1.05753033, 3.38204729, 3.29999677]), array([2.57904368, 6.36825488, 3.43315592, 3.99008795, 4.90991718,
       2.71620816, 0.71325763, 6.99901126, 2.81329491, 2.90373424,
       1.62901334, 0.3280813 , 5.48508396, 3.1977106 , 0.30605077,
       0.90239778, 5.96376883, 5.36034076, 0.1425232 , 5.65617669,
       1.2946984 , 3.23900047, 3.11840717, 5.49159215, 3.25288338,
       6.26364875, 0.930416  , 0.97749925, 2.72088653, 2.71024369,
       6.30407347, 5.43660933, 5.84732097, 0.64520646, 5.69329019,
       5.87336532, 1.51234457, 2.30716793]), array([6.15174331, 6.7592633 , 5.04987731, 2.64808237, 1.71465778,
       2.07172664, 3.15233863, 0.42643221, 0.90328494, 1.92528012,
       3.37222886, 2.73704487, 5.15105486, 4.9658585 , 0.38280942,
       4.50033265, 0.88201226, 5.36368489, 2.65260695, 1.20975669,
       3.23938855, 1.25038015, 0.15582955, 4.45170994, 4.47951484,
       0.54736861, 1.67904011, 4.34532533, 2.15143388, 3.65862075,
       5.97801377, 3.63982981, 4.27293266, 6.19739021, 3.77825817,
       4.36204758, 5.85139442, 2.43306213]), array([3.2148531 , 1.73731769, 0.31844818, 4.43463996, 0.99717442,
       5.3795125 , 5.04137126, 3.64636932, 2.70234993, 3.63347038,
       3.68138606, 4.07515879, 4.17069517, 5.12155956, 3.27999881,
       2.2588421 , 3.0121876 , 2.82072139, 5.60537786, 2.07897101,
       4.88672457, 4.18203456, 0.26707285, 5.2511356 , 4.18075643,
       1.54713897, 4.12149939, 2.04358121, 5.45848361, 6.15696009,
       4.52562803, 0.60528704, 4.22401567, 0.86076209, 1.28538206,
       2.34360068, 2.55360519, 5.95716039]), array([2.05286228, 1.50200845, 0.27431456, 0.26238055, 6.3858374 ,
       2.68199955, 3.06148808, 1.23882768, 5.39512739, 4.11083087,
       4.6575875 , 1.60771392, 0.24302899, 0.54528292, 3.04786679,
       5.16524806, 4.63887707, 3.09696035, 4.65914955, 3.99875671,
       1.37828483, 3.88181794, 6.26838145, 1.32581592, 5.09210008,
       3.90636213, 2.50120577, 2.81155468, 4.40869909, 5.98868565,
       2.86280487, 4.1977503 , 5.52064514, 3.8567819 , 3.21037279,
       6.05148616, 3.36065253, 1.57905605]), array([ 5.28932455,  1.37651456,  5.10481902,  6.2799952 ,  0.05815203,
        2.55945957,  3.49252671,  5.91715103,  3.13811454,  3.37058096,
        1.5428237 , -0.17615061,  4.5610866 ,  1.44287137,  0.22977051,
        0.55017328,  1.49720547,  4.02405378,  6.50006461,  5.49462176,
        4.84040143,  1.43121704,  4.67797175,  0.96031799,  3.75178597,
        3.75720913,  5.28341024,  0.44258337,  0.93782935,  2.98195477,
        1.27204379,  5.48899395,  3.64379993,  3.51684921,  6.14543785,
        4.26608177,  2.11355429,  6.31887145]), array([1.94266536, 6.47961099, 2.97582836, 3.32272074, 0.99816131,
       0.83321297, 4.63066225, 3.52385598, 4.34224302, 5.35215645,
       4.43531505, 3.55965884, 2.4022968 , 3.89039043, 0.1968196 ,
       1.39419655, 4.45353687, 5.35621976, 1.30454701, 3.14095177,
       0.11728898, 2.71343578, 5.24752431, 0.3696128 , 0.18658343,
       3.44896008, 1.51495913, 6.07547574, 0.66317077, 1.15310657,
       2.38280205, 4.20429144, 3.40279422, 4.09067187, 6.17940889,
       4.79519138, 0.26313081, 4.72195336]), array([3.94239068, 5.27138425, 1.07089088, 6.26573145, 5.52805105,
       5.51473335, 0.33060457, 4.7181769 , 2.06227563, 3.52100734,
       3.63978452, 6.97097506, 1.46847402, 3.42116069, 3.58867662,
       3.53351279, 3.93512846, 1.20558669, 3.46885756, 4.23437179,
       5.0206421 , 3.73576681, 2.11241888, 3.0279554 , 3.37358592,
       1.90892158, 4.94214131, 2.09324391, 2.26960332, 0.98323837,
       2.32935601, 5.01127582, 1.67812963, 5.38510491, 2.86691065,
       0.19061579, 0.39482578, 1.38421771]), array([ 2.74690006,  5.50194981,  5.34431497, -0.39632538,  3.60170151,
        0.33083813,  0.73206039,  1.7281438 ,  4.60280658,  3.02758189,
        5.07273906,  4.29341034,  3.67673357,  0.78106522,  0.69266987,
        2.18491858,  4.16901746,  4.00777987,  4.4471688 ,  5.48001204,
        1.72760483,  3.116603  ,  2.48652857,  1.15345394,  2.96774611,
        1.38026339,  5.07614918,  5.2622271 ,  0.52748659,  3.40053827,
        0.66677075,  3.30929932,  4.15182815,  5.78274954,  3.48062793,
        3.3359733 ,  5.76360884,  4.39747248]), array([6.06905235, 4.96626958, 5.07039322, 5.93824657, 2.27693683,
       3.30552572, 3.60856058, 2.99082981, 0.54339365, 6.09101687,
       5.48774157, 5.17338262, 2.54384174, 6.21886307, 5.28390294,
       6.063454  , 2.37422628, 5.17544974, 0.91144222, 4.67600341,
       0.72779829, 5.20799069, 2.65863132, 1.77971692, 4.63735988,
       2.59199607, 3.95719503, 0.73378394, 5.40485274, 1.82327608,
       1.10596489, 1.00077193, 1.96256287, 1.04808351, 6.2114464 ,
       4.46842085, 2.10439366, 2.66042526]), array([6.08703127, 0.571932  , 2.36176485, 0.7390493 , 2.88018154,
       1.88493424, 2.12425233, 2.67312421, 4.28760899, 0.86909774,
       1.84849254, 2.89120653, 3.77671949, 7.3134657 , 2.71490423,
       1.75982416, 0.57970048, 0.13485301, 5.860788  , 3.02768172,
       1.03605048, 0.71363998, 1.69527335, 4.17635447, 3.49508868,
       2.43461038, 5.31093892, 1.71074456, 1.35025946, 1.65757608,
       1.23194545, 5.45589294, 4.1746106 , 4.6086341 , 2.8360216 ,
       0.07179266, 0.35408116, 2.13316158]), array([5.44874535, 4.46506262, 5.75132385, 1.53258495, 1.10647299,
       0.86068146, 2.08737685, 4.93302136, 3.71743506, 2.5882261 ,
       3.61324008, 3.78886615, 3.49759452, 2.59576543, 0.94770106,
       5.18511453, 5.49370108, 5.69514562, 2.55510424, 1.25837307,
       4.60748329, 3.94121313, 4.37919792, 2.48120273, 4.15624549,
       1.68640375, 6.08162787, 5.4068071 , 4.93875535, 3.19801039,
       4.46967468, 3.48107238, 4.23517443, 4.28102905, 0.04661879,
       3.14451834, 5.1681494 , 4.40262495]), array([4.62438026, 0.77334625, 4.29245162, 2.54187766, 2.42788226,
       0.73510277, 1.11003504, 5.26898444, 3.55381664, 2.02400017,
       4.90260576, 2.7979711 , 5.24538168, 0.36472258, 0.03333325,
       5.73397706, 1.5995804 , 1.3911367 , 3.60309837, 3.71586251,
       3.93663543, 0.79801845, 4.12223008, 4.08170666, 3.01635625,
       1.51162261, 5.11390628, 4.87208281, 4.20816731, 5.30408463,
       3.2507868 , 2.81386175, 6.11156366, 0.96125973, 6.19836625,
       5.18233645, 5.05968054, 5.10281797]), array([2.87547013, 0.64273195, 1.86503003, 4.38032068, 3.78651995,
       5.99099513, 0.24087102, 1.41763407, 5.06042111, 3.41013782,
       0.21737489, 4.16086713, 3.16340905, 2.23177018, 1.04496616,
       1.28458168, 4.67847591, 1.46390259, 5.37973214, 2.74428556,
       3.32480242, 5.06880369, 2.11689303, 4.0169279 , 4.04917657,
       1.15350137, 4.48418812, 1.3716646 , 5.42764289, 0.57951911,
       5.21680391, 3.64159755, 1.22093269, 0.54755973, 0.15101677,
       3.86273373, 2.66470888, 4.74610199]), array([2.07348343, 4.69659347, 2.86020803, 1.64292739, 6.08714366,
       5.79524044, 1.01987633, 5.14208833, 6.67804905, 3.59705995,
       0.64570069, 4.48596593, 0.7254967 , 6.22487859, 5.49203095,
       4.53266112, 1.56231043, 4.30374477, 5.33146291, 3.7817332 ,
       6.06556909, 3.68325386, 1.26826135, 3.33925167, 0.41726484,
       3.12022419, 3.22008742, 0.79144977, 2.3749761 , 0.17550808,
       3.92768047, 3.42400158, 4.90022335, 0.75106984, 5.69604449,
       0.73834432, 2.53746595, 1.89321332]), array([2.28874358, 2.30461091, 3.17333092, 0.13661639, 3.85049215,
       3.25865058, 4.23005332, 4.66546546, 6.04199382, 0.5940288 ,
       2.40385035, 2.15725503, 4.86441741, 3.13510586, 0.1407961 ,
       1.73562947, 0.74897638, 0.50047177, 5.2494012 , 6.08983459,
       0.285226  , 4.57569539, 3.06853412, 0.82403371, 3.9421181 ,
       0.24248912, 0.36206379, 3.07241541, 3.38995626, 3.78758048,
       1.11076887, 5.40832789, 5.07423409, 5.71323322, 4.17359191,
       0.41315111, 0.94269635, 5.26863328]), array([3.03064711, 3.38907549, 4.34482962, 4.33371993, 3.17014513,
       1.76675629, 4.77567748, 6.24831578, 3.21184316, 1.51031503,
       2.11319715, 2.5239848 , 2.97537748, 2.65407902, 4.58420395,
       3.02093332, 4.73206253, 4.5689271 , 1.84405338, 0.24479366,
       5.08199125, 5.78221661, 3.5497614 , 4.38651066, 1.67220114,
       4.75552098, 0.14518834, 0.92649243, 0.91883241, 5.39382784,
       1.00339005, 3.81839665, 0.24318012, 1.02110428, 5.89424874,
       2.95295448, 5.97532039, 2.60782692]), array([1.86922033, 1.32832282, 2.10003485, 4.7388411 , 4.87765243,
       4.33543534, 0.41461662, 5.85457849, 2.13919483, 3.13900825,
       3.12711412, 1.00850262, 0.94955719, 6.24818325, 5.73895321,
       5.15736202, 2.82459434, 0.68714977, 3.18282728, 0.9169678 ,
       3.8975687 , 2.67861413, 2.57211729, 4.27537774, 1.31733456,
       6.28264948, 3.59223015, 0.80601293, 2.06806818, 5.13967573,
       1.0545359 , 4.05972562, 3.95144353, 2.71078958, 6.33487758,
       1.0727788 , 5.38629452, 2.65094807]), array([4.87392619, 5.34654996, 1.14104974, 3.69394693, 1.41397118,
       1.46139157, 3.46982677, 1.64856596, 1.05650661, 4.07446191,
       1.08513145, 3.52594659, 4.70105775, 6.28114091, 4.4031531 ,
       1.71149964, 5.20490296, 2.90500943, 2.59915569, 2.23212429,
       2.56770219, 1.32391639, 3.8668622 , 4.1155108 , 0.13242753,
       6.05736351, 6.19545295, 3.33876478, 0.48780614, 5.81287195,
       3.61030826, 1.54229121, 4.12548745, 5.47131381, 4.63402109,
       1.65470665, 4.11022546, 4.54518443]), array([3.97173752, 4.12613075, 6.63635974, 6.91580547, 0.2315486 ,
       1.7272476 , 5.1542548 , 1.09119679, 4.04017814, 1.90195991,
       0.21218017, 3.24143999, 5.22361507, 5.33307297, 1.63087894,
       0.36314264, 4.57636599, 5.17838324, 0.67577023, 4.20807493,
       4.45502979, 5.24999068, 0.02589215, 2.13231561, 1.44439663,
       0.58887563, 5.20244902, 3.99774426, 4.41590267, 1.3338938 ,
       6.161677  , 0.83231607, 5.22329539, 4.09802329, 4.0471748 ,
       4.66859235, 2.19779192, 1.31936626]), array([1.30166879, 0.0936901 , 2.5755333 , 5.7262531 , 1.18128872,
       0.60101133, 2.24314052, 0.26519596, 5.47893784, 3.84281861,
       1.51030485, 2.23449617, 2.52956574, 6.23921264, 3.03393322,
       1.24343935, 3.55570442, 2.1483688 , 2.11283902, 5.14202068,
       4.73590607, 6.20454673, 1.19575467, 5.97390358, 0.97332737,
       4.71270304, 0.09275589, 4.32375655, 0.98666375, 1.23839214,
       6.08813019, 4.04938258, 4.2314572 , 4.50518838, 5.97773426,
       0.2187118 , 1.42576753, 0.17026899]), array([0.42416293, 3.28962779, 3.57428172, 6.12351999, 1.54559997,
       3.24425619, 6.63068382, 0.85211228, 5.58852558, 3.13329677,
       4.42916105, 5.06851957, 1.36135235, 5.59851124, 1.33385115,
       5.68537649, 2.48478058, 3.57236686, 1.25881698, 1.12746875,
       2.76857153, 2.68521335, 1.43770133, 4.72090898, 1.08366756,
       0.21423214, 1.93381214, 2.5800006 , 1.28677864, 5.16269991,
       4.6441532 , 0.90086291, 5.03949126, 5.75736171, 5.66087253,
       1.89447824, 1.53690756, 4.23487768]), array([2.09648759, 3.77631302, 7.21837853, 2.17718445, 4.58361705,
       2.28465852, 1.7286999 , 2.24832857, 1.91337049, 3.83654131,
       2.91456041, 5.29707077, 0.32232791, 2.94644243, 5.49175949,
       6.04391784, 4.09060258, 1.17882807, 5.91980702, 0.18872219,
       0.96734999, 5.9970167 , 6.13378361, 3.64508701, 5.28449724,
       0.08192309, 2.81526498, 5.53692713, 5.26395379, 1.03588624,
       5.77644069, 1.19941406, 3.30581526, 0.71997268, 2.30021958,
       5.76633745, 3.90328962, 3.76615457]), array([ 4.57533938,  6.27724542,  5.54169318,  2.25465771,  0.42484077,
        1.90864963,  5.99932329,  3.99498533, -0.16436666,  3.85884928,
        3.20127353,  4.15999832,  1.89505722,  0.69513224,  1.12415062,
        3.63551941,  2.63396713,  6.11825736,  1.31671756,  4.31176071,
        1.06692994,  5.45385537,  1.97100739,  2.55607871,  5.68180274,
        4.58190151,  4.96867427,  4.58723159,  2.84604647,  1.46763893,
        1.46367154,  3.30018481,  6.13937773,  4.1188046 ,  3.94849764,
        2.10645408,  3.93795137,  5.01675581]), array([7.20784339, 4.28675008, 2.2998266 , 4.28870577, 2.67510512,
       2.86422921, 2.97281993, 4.40256063, 1.15155045, 0.85124987,
       5.82133571, 0.27652939, 4.42788447, 2.1527329 , 2.73597741,
       5.15225077, 1.8501271 , 3.755707  , 4.48494729, 0.65705145,
       5.91237531, 4.80028361, 0.66028134, 6.25254733, 4.89193968,
       5.13228825, 3.37356865, 0.73189698, 2.0065125 , 3.66505401,
       4.62992246, 6.05107863, 1.75786712, 1.74564985, 2.89959626,
       2.64052482, 2.43126441, 5.61446049]), array([ 3.95553815, -0.19246407,  6.26037521,  2.62579784,  1.97496581,
        4.01393393,  5.55646484,  5.52544415,  3.51967809,  3.6142863 ,
        4.10841713,  5.56014857, -0.16015636,  0.9631295 ,  3.8606378 ,
        4.80215903,  4.97411256,  1.3272585 ,  6.01587576,  5.13426725,
        3.58752944,  0.54948603, -0.02030787,  4.90953757,  4.56071122,
        3.88948089,  3.28759107,  0.74603162,  3.03836881,  1.79943782,
        5.37113867,  3.93093786,  1.65273243,  5.18733491,  0.56218369,
        4.89516583,  4.46736017,  3.56728501]), array([1.92343955, 2.66773693, 4.23221559, 3.1571618 , 5.81512873,
       4.60811692, 2.12871146, 0.80115802, 2.9070643 , 5.19988772,
       4.14300121, 2.6469562 , 2.51814804, 5.13278425, 5.084879  ,
       3.01574317, 2.51112536, 3.63393494, 1.80467999, 4.47170206,
       2.88199186, 2.02099439, 4.10723601, 5.45037024, 1.05230138,
       5.93176106, 4.48858139, 2.36072555, 5.0413923 , 3.24327058,
       3.89793901, 1.63282477, 2.14474809, 1.45514271, 4.32186252,
       4.57144716, 5.42762093, 5.98774558]), array([0.67235183, 4.52466869, 1.63868751, 4.31445797, 0.85517465,
       2.46650216, 2.74964213, 4.07585662, 0.90347681, 0.42232272,
       0.30475179, 3.44237894, 0.96514362, 3.69856769, 3.44603484,
       3.20146905, 5.9731176 , 2.50715681, 1.66483268, 5.5956516 ,
       2.11298486, 0.89110872, 0.10889385, 6.89326837, 2.59593228,
       0.21465211, 5.87122025, 1.02701803, 2.71894167, 2.7493147 ,
       5.31069095, 1.07667238, 2.08138279, 4.50822541, 1.8304092 ,
       2.06993927, 6.00130952, 1.20003715]), array([4.71508529, 4.34398156, 4.3063395 , 3.94224116, 5.36651703,
       6.00582808, 6.09541468, 4.94518385, 1.48190924, 3.05797984,
       3.20087822, 1.42643217, 4.75385202, 4.72973937, 5.81922617,
       2.87510242, 2.89656432, 1.77989857, 5.95338017, 5.80728337,
       0.42836812, 0.48577975, 5.71784779, 6.16429468, 3.40093776,
       1.74384511, 4.41009878, 5.98246229, 4.50478904, 3.69841613,
       2.3083475 , 4.11642786, 3.96710764, 0.67642121, 4.49146508,
       5.36974148, 1.71184265, 6.16172251]), array([1.57301452, 3.12215316, 0.35725845, 6.4831924 , 2.49708895,
       4.30434874, 4.07290112, 4.0878676 , 2.89889079, 4.90660741,
       3.40492279, 6.67904718, 4.60982952, 0.56782191, 3.17333943,
       4.63628419, 1.26327582, 5.65140174, 4.09465154, 2.73943564,
       3.4023055 , 1.73175966, 4.61293273, 0.43589936, 5.74019868,
       4.94323749, 0.75089616, 1.96004664, 6.05884921, 0.50443858,
       5.9588943 , 3.07968061, 5.56357669, 5.28804417, 1.03718408,
       2.02275356, 0.02362062, 4.7261653 ]), array([4.80211344, 4.06098971, 6.08895987, 1.42159849, 5.83101281,
       4.57794028, 3.86667818, 0.96058573, 3.12797697, 2.07564511,
       3.40628522, 2.57084502, 5.64572678, 0.77160208, 6.38264094,
       4.99638506, 0.42660384, 0.87099239, 4.76526354, 1.17506979,
       6.19632937, 4.48189846, 1.53098279, 4.1980892 , 3.04821336,
       4.24270163, 3.55467368, 1.01831857, 4.36034119, 1.22182753,
       2.42705473, 5.90613222, 4.65987752, 2.32522988, 1.3685156 ,
       5.60570316, 3.49311171, 4.88020458]), array([4.37365524, 1.08585402, 3.80077683, 6.1752126 , 1.45164654,
       6.03521023, 3.72379413, 0.06723529, 3.87140093, 3.54620762,
       4.20200534, 3.75495814, 6.19609027, 1.32706616, 5.84884406,
       6.13645704, 0.25507359, 1.13626746, 5.46845843, 0.50820273,
       0.44085572, 1.69901226, 0.27975868, 0.91681399, 0.77740876,
       3.71333392, 2.33105803, 3.45607822, 2.81894479, 3.19767604,
       2.30116959, 3.77327882, 3.96945501, 3.13389582, 3.2479048 ,
       5.8774135 , 2.58128381, 2.40399691]), array([2.22105441, 0.10772383, 4.52234105, 1.74036117, 3.88834068,
       1.77592123, 3.80664275, 3.14081614, 3.33541845, 1.17156079,
       2.22126722, 2.42990123, 1.07125803, 1.74066044, 5.51134642,
       2.23860277, 4.61277895, 3.22427087, 4.5558604 , 6.12497183,
       4.95240235, 5.38341929, 1.99454553, 0.25972851, 5.14536547,
       5.42525999, 5.01200386, 3.481201  , 1.04622058, 1.86046049,
       6.08093068, 2.41811399, 3.05384938, 2.0593241 , 4.08953751,
       5.53818844, 3.67926282, 0.69492144]), array([5.44612658, 4.87964981, 1.36513703, 1.13346501, 3.78420666,
       4.99741841, 1.12749208, 1.6260387 , 1.33570936, 2.12182295,
       0.51828593, 0.54895665, 2.04683589, 3.87204975, 2.11329159,
       4.38997905, 3.76420151, 1.03335992, 1.30291281, 2.45449665,
       3.83526466, 5.1114245 , 2.2820238 , 0.59334351, 1.44162382,
       1.41029851, 3.20281476, 0.3997792 , 4.95943143, 4.74789855,
       2.95759742, 1.41248729, 0.73966716, 4.72569666, 2.0195993 ,
       4.53570407, 3.90574479, 1.05694903]), array([ 2.2222563 ,  6.46844592,  1.9703912 ,  2.45158427,  4.8057573 ,
        0.6602221 ,  4.98800401,  3.3311938 ,  4.16467065,  2.32999229,
        4.3512031 ,  0.12934135,  3.86159362,  5.68610678,  2.22296076,
        0.58978225,  5.58798855,  2.67591358,  4.91078988,  3.22717298,
        5.84802747,  1.16368222,  3.5050359 ,  5.33246764,  1.30399367,
        4.15459084,  5.66490959,  3.3799387 ,  2.15747332,  5.44100367,
        0.35773304,  5.03322901,  1.65219014,  5.95307152, -0.01063606,
        4.26161778,  0.96363815,  2.52517695]), array([5.28745404, 5.84878928, 5.22498858, 2.6912713 , 5.14952381,
       2.90260223, 4.51712317, 2.48555517, 0.80807743, 2.15300503,
       2.26764684, 4.12681975, 1.92028583, 2.40362653, 0.76564399,
       3.72298701, 2.22615496, 3.99065319, 5.52488858, 1.28033203,
       3.15135302, 4.52995108, 6.26063524, 4.08590374, 1.58327608,
       5.04595331, 2.13312803, 0.36564703, 1.50075791, 6.23619984,
       5.30791366, 5.73292393, 1.25945096, 4.17993307, 4.14518062,
       2.24527176, 5.78635475, 3.98396104]), array([5.22073748, 1.21212279, 2.79914756, 0.88864008, 1.98018584,
       6.01625423, 2.79681219, 0.27264492, 1.57746087, 4.88797482,
       0.3071569 , 1.77436516, 4.45917323, 2.03400275, 5.21420454,
       2.35345625, 6.27901137, 4.3392928 , 6.25492959, 3.98503969,
       3.59489495, 3.91274017, 5.00585081, 4.24362406, 5.39238023,
       3.20709984, 6.20692611, 3.7418771 , 2.33709331, 3.76634485,
       5.17077327, 3.68853357, 3.71807156, 3.08171167, 1.010274  ,
       3.49879474, 0.33200682, 2.07434304]), array([4.37923561, 0.37850487, 3.6881519 , 2.28063831, 1.73696588,
       5.74308379, 4.0394114 , 2.92230373, 3.08038032, 5.05459263,
       5.28232114, 4.52133053, 5.42739928, 4.712319  , 1.71945721,
       0.83680627, 4.19016571, 3.36629397, 0.91008884, 4.66630343,
       6.08262475, 4.24362773, 1.64177935, 5.98334549, 1.26897587,
       3.95798997, 0.53801957, 4.66719475, 3.72502327, 5.40033545,
       0.42055417, 3.76895745, 3.70304654, 1.40030118, 0.4737517 ,
       0.27198019, 3.53951959, 1.68247514]), array([2.37654812, 3.15815644, 1.5753641 , 1.52587448, 1.50734547,
       6.77290612, 5.38428799, 4.45912244, 3.13722241, 3.48224814,
       5.63534481, 2.72345931, 0.17659849, 4.9571038 , 2.59645203,
       4.3431541 , 1.3762595 , 3.80348973, 3.2310004 , 5.20244716,
       1.21512679, 3.04807497, 2.21854345, 4.39184674, 2.7550222 ,
       5.54318187, 3.87181189, 2.49507533, 2.3776021 , 6.28386117,
       2.14164001, 1.35651879, 3.27057186, 4.84498869, 5.70963511,
       4.53813404, 0.13181404, 4.70810996]), array([3.86142568, 1.73848013, 4.52819697, 6.30462332, 6.62823964,
       3.60813587, 2.8657291 , 1.87890308, 3.96433912, 0.30928311,
       3.57153611, 0.14168208, 3.93999019, 4.18448527, 4.08256544,
       2.97212846, 0.48445499, 3.83279034, 1.16031322, 1.73247825,
       2.60005869, 3.998582  , 3.2016477 , 0.73223716, 5.99064653,
       3.72556072, 1.15988429, 3.25461892, 4.01532626, 0.97901647,
       3.56717234, 4.14655433, 4.98823439, 1.10897893, 3.23560743,
       0.03774417, 4.65699945, 1.91991673]), array([3.62338976, 2.71373581, 2.07822405, 2.34995142, 4.56338296,
       3.50970831, 1.6529962 , 5.71482336, 1.857802  , 4.73612641,
       4.55837319, 4.26500629, 2.44196168, 0.60477064, 3.69129762,
       2.27648206, 0.77483426, 6.0266941 , 0.90732123, 6.32891959,
       1.41081236, 0.91420836, 5.95154541, 5.4467077 , 5.45504441,
       4.88348176, 3.06847837, 0.6013949 , 4.00737912, 3.19334651,
       4.55342672, 2.27970532, 2.8082677 , 2.31705851, 0.51036135,
       1.11889758, 2.04420198, 0.76023058]), array([3.32008899, 2.47714637, 1.77160296, 6.28292843, 5.17954961,
       1.22144302, 5.16778314, 4.68188537, 1.53292443, 1.33832647,
       0.27657578, 4.3445108 , 1.81547318, 5.33042048, 3.97175958,
       6.0748326 , 0.29366744, 2.08340487, 5.41303473, 5.08744479,
       3.37252277, 4.17517725, 3.16523574, 0.59977839, 5.67091096,
       5.29918559, 2.33443684, 5.35883949, 2.26885978, 5.76923962,
       5.25071184, 3.96413351, 5.39358397, 3.14358184, 1.16386993,
       5.86584938, 1.17940417, 0.50676743]), array([4.50680103, 5.94710022, 4.56954061, 5.3054287 , 2.72165721,
       6.13769959, 2.57276073, 6.440642  , 2.7540229 , 1.65821981,
       4.72232305, 5.63646666, 5.49398855, 4.48277579, 4.06448718,
       5.20119401, 3.5391427 , 1.49489922, 1.32737824, 4.84021936,
       3.44736873, 1.59252176, 3.55454939, 2.58291506, 2.93458188,
       2.89373666, 1.43630687, 1.38047769, 4.68090877, 1.08665613,
       3.0020658 , 5.83547181, 0.22111679, 1.15484264, 2.10921349,
       2.93246577, 0.25168213, 0.18854755]), array([1.03967405, 4.45915978, 4.84595425, 3.6322944 , 1.52081905,
       5.35259653, 1.2820183 , 5.66910212, 0.35778755, 0.189444  ,
       3.87570625, 1.59345947, 3.73616201, 5.69215737, 1.00875308,
       3.42002837, 2.14741703, 4.79700896, 1.63118955, 3.21751812,
       4.32658021, 1.18332691, 4.51048957, 4.18640649, 0.95953437,
       5.36187678, 2.4246286 , 5.214625  , 0.93191889, 1.02427491,
       3.12284111, 0.05236938, 4.5357311 , 5.92004784, 2.87842153,
       4.87349282, 0.90009693, 2.37607973]), array([4.07058871, 4.94388658, 1.37282183, 6.08907594, 1.6951055 ,
       1.92928957, 3.00132442, 0.14796609, 0.2207026 , 6.95194837,
       1.52896577, 1.15350981, 5.79981276, 2.23659155, 6.30689744,
       0.20200694, 3.40008869, 5.91956568, 1.87680764, 0.19026779,
       5.09536907, 4.96827207, 0.53802463, 2.0198616 , 2.36836527,
       4.48039597, 0.89254399, 5.95669063, 5.6074209 , 1.768851  ,
       1.87179473, 4.92362835, 2.19146444, 2.17566554, 3.81108559,
       2.5873006 , 4.99732298, 1.4052931 ]), array([5.13588429, 6.47626201, 2.40074214, 5.14230586, 5.84404351,
       0.0233481 , 4.53417102, 5.65413128, 1.86549923, 1.92502357,
       4.45025924, 0.04318527, 5.71589955, 0.682611  , 0.02378828,
       5.4424936 , 2.91656596, 1.10400657, 2.82103272, 4.32427929,
       5.95400723, 0.80180771, 2.94407075, 5.25282327, 3.9794909 ,
       5.76632821, 6.92149501, 5.50641389, 6.00712128, 6.09475465,
       2.90016874, 3.95909269, 4.7891844 , 0.54932129, 2.77283246,
       1.66876178, 2.82530391, 3.31607449]), array([1.19196177, 3.85286217, 0.48926045, 5.17438357, 1.62986233,
       4.27254741, 6.40668395, 5.19973302, 5.49973447, 0.44031151,
       2.09463302, 4.0230579 , 3.86760389, 3.32397197, 2.29854523,
       3.36681739, 4.81219626, 4.43260749, 3.5732154 , 0.13211463,
       4.43518596, 6.16050017, 4.60975666, 0.32958037, 5.38773032,
       6.03247298, 1.84745031, 3.38128879, 1.35736926, 5.75045545,
       0.38330994, 0.55801031, 3.18083528, 3.95146425, 2.87652512,
       0.2878611 , 4.55433529, 2.34016113]), array([4.02728639, 4.22877187, 4.03880346, 1.36413924, 3.22932538,
       7.28289505, 0.85732929, 3.85451599, 0.77162209, 3.42728718,
       2.165585  , 1.95366279, 3.46837594, 1.02236284, 5.99362305,
       1.37156093, 1.63548853, 3.79461365, 3.98387184, 2.100487  ,
       1.4445704 , 3.07418464, 3.83624081, 1.0274102 , 0.36614148,
       0.10571692, 4.32642396, 3.03521435, 2.82869394, 2.637986  ,
       4.21212062, 3.04154664, 0.25193577, 2.43672156, 0.53970322,
       4.45543352, 6.27966429, 0.26716253]), array([5.65440851, 3.2187459 , 3.88085301, 0.57661965, 4.11136334,
       0.59867162, 1.36442145, 3.27234376, 0.05070507, 0.80426101,
       1.48026314, 5.15486111, 5.22726346, 2.66117963, 3.88689287,
       3.14931656, 1.93012219, 5.64003561, 1.99927934, 1.09376325,
       0.64739812, 1.87388665, 2.76954413, 0.88138282, 3.50310505,
       0.06963574, 0.20553808, 0.5693418 , 1.21890822, 4.64652139,
       1.43182029, 1.85497354, 1.58581012, 5.80464201, 5.09636129,
       6.10588686, 3.56437531, 2.39337227]), array([1.28737206, 0.47264982, 2.24571158, 0.64359567, 3.9910332 ,
       1.00847598, 5.45709151, 0.93876223, 1.9970769 , 2.24047114,
       1.91176145, 1.08271696, 2.83863184, 2.67535877, 4.32774435,
       0.77135601, 5.15995284, 1.78006358, 2.36229518, 0.09851981,
       3.53249923, 4.69478741, 5.26115418, 5.02152854, 1.1363424 ,
       1.65574526, 0.10075119, 5.83389572, 1.97514214, 3.51393052,
       2.52458899, 1.47717991, 0.4281262 , 3.56441063, 4.2230302 ,
       1.24682208, 5.5724044 , 6.11083804]), array([4.34591198, 2.09409676, 4.61802034, 6.15589115, 4.02085176,
       5.95295963, 1.34494479, 3.89215595, 2.7531536 , 0.22830343,
       2.5621122 , 3.68687449, 3.11372984, 5.31726682, 0.52540026,
       4.76170437, 2.42437701, 5.43626937, 0.0645061 , 6.02720897,
       0.9776321 , 4.17986868, 4.41827562, 1.22487396, 5.12480938,
       4.85114419, 4.47081318, 2.1577377 , 1.30250473, 0.63785909,
       3.8404808 , 4.7808435 , 4.19571702, 1.06469125, 3.44019915,
       4.47094016, 0.74917529, 6.98173357]), array([1.96374332, 4.13132263, 2.69744798, 1.87204578, 0.14354807,
       3.12802964, 3.53010749, 0.40343058, 3.86120451, 1.90738697,
       2.85153083, 2.63961013, 3.45652611, 5.45822108, 3.41261462,
       5.70423237, 2.82913487, 1.85888742, 5.16792968, 2.39020691,
       1.90327312, 3.59292728, 2.01494831, 5.52041491, 5.06749356,
       5.9842109 , 2.18136453, 2.96069226, 4.5158157 , 4.32820162,
       5.40167331, 4.10170749, 0.06533828, 5.41692731, 1.8276369 ,
       6.14913624, 1.68718778, 0.21828339]), array([0.14186885, 6.29866317, 1.79068461, 1.33925119, 2.95734004,
       6.886283  , 3.06532694, 6.07431899, 1.51743836, 0.14542806,
       1.26184389, 3.86552551, 4.62465153, 1.58032058, 2.55045777,
       3.30006282, 5.48106723, 6.09540206, 2.73789998, 3.27363407,
       2.29801561, 4.62079122, 1.49434295, 3.11878001, 0.09165705,
       0.42433842, 4.63395731, 0.09288713, 3.58258341, 3.93050019,
       0.09778987, 4.42503789, 3.02057601, 4.40903013, 2.79981495,
       1.2246031 , 1.31152534, 6.10824047]), array([4.5173116 , 5.70304794, 5.64741447, 5.48763704, 0.49872982,
       3.95252465, 3.27308558, 1.80829659, 4.67538088, 0.61192829,
       2.43069058, 2.71849738, 0.57057286, 5.9937475 , 1.92169595,
       2.77264484, 2.59665378, 6.06044779, 0.29526074, 4.58514862,
       4.27627649, 3.50117012, 5.48172457, 4.4591798 , 5.02325027,
       3.42628043, 4.84131343, 0.21246665, 4.0480078 , 3.43716421,
       3.57939934, 2.60370094, 1.24246513, 1.43125365, 4.03778038,
       0.62405131, 0.72193873, 3.40212259]), array([4.62158698, 0.49948814, 5.05397322, 0.95037174, 5.8494242 ,
       4.7351841 , 2.47069925, 2.72439545, 5.95331113, 0.66383908,
       0.48859861, 4.54136556, 4.53115194, 1.19227484, 5.05697696,
       0.34353834, 3.78279105, 1.83839109, 1.10195317, 2.14994019,
       2.43475536, 2.19811586, 1.05469855, 4.49209399, 0.1956471 ,
       3.04424142, 0.84388277, 5.33695502, 5.85631307, 3.65908231,
       5.26500895, 2.56558145, 3.62884174, 2.74719441, 3.1459712 ,
       4.90550416, 3.59722402, 6.00148509]), array([2.11155368, 5.04043952, 2.06777434, 5.48804194, 1.36972461,
       4.64726633, 5.06438895, 6.19721337, 5.46624841, 2.92156349,
       0.68212455, 2.60616112, 1.88317673, 0.84902385, 4.27397727,
       5.99070593, 4.45658351, 0.65007333, 6.89824112, 1.92734874,
       4.09879042, 5.00847078, 1.49005127, 2.62075251, 6.09240171,
       1.54471488, 1.01035119, 1.22100857, 5.35663855, 0.11975141,
       4.96273625, 2.47746356, 3.63652629, 2.60477477, 2.39696054,
       3.57680008, 0.91122402, 1.2372198 ]), array([6.29837787, 2.15773864, 1.81677483, 0.68647897, 5.79412592,
       4.04510936, 4.94061021, 5.68008288, 6.10075412, 5.81228481,
       1.00447298, 3.7055781 , 4.03952683, 3.54931967, 3.84723883,
       2.57368948, 3.3925459 , 5.94221007, 6.26179701, 1.2227428 ,
       4.82730153, 3.19782847, 2.3225402 , 3.85736974, 5.75311749,
       5.51274536, 3.86138224, 4.65566159, 0.80001763, 5.51661289,
       4.6409184 , 0.18927314, 3.28094181, 4.47367655, 4.45103839,
       4.76824307, 3.77388769, 4.79959718]), array([2.21020269, 4.41095601, 0.89742552, 0.13194595, 3.42199973,
       6.13094032, 5.38637697, 2.6475392 , 0.55700027, 4.69838644,
       5.31287676, 0.85836546, 3.57266607, 2.66454395, 1.90587268,
       4.37941147, 5.43271462, 4.39926225, 3.44892848, 5.9769248 ,
       4.02033657, 2.592513  , 1.73368508, 3.86095439, 3.19996578,
       0.70624319, 3.11417081, 4.20831118, 2.3509806 , 5.25606597,
       2.68564063, 4.54248996, 0.98293215, 2.17296373, 4.76450048,
       5.84136497, 4.06693439, 3.44556591]), array([ 3.48123331,  2.01231667,  1.37876029,  3.75871934,  2.72726826,
        4.75952947,  3.00167016,  4.44624874,  3.60734243,  2.75196083,
        2.25077197,  4.40755549,  6.5615017 ,  1.59485304,  5.90675222,
        6.18280068,  3.33898596,  4.53547395,  4.15121399,  1.75562768,
        1.62968605, -0.18318785,  0.88947842,  0.01295969,  2.14980293,
        0.75394732,  6.07478967,  1.79454831,  2.65826711,  1.74607388,
        6.13514009,  3.62332369,  1.09905304,  4.40293299,  4.88674085,
        2.02850556,  1.81039143,  4.10030615]), array([1.14234918, 6.27134395, 1.89180628, 0.75064979, 2.82642191,
       4.22699436, 1.06574334, 2.20135908, 5.1289332 , 5.42796692,
       0.4145915 , 4.25410408, 1.74941194, 6.03327389, 4.30310663,
       0.52116179, 4.92591297, 3.91563854, 1.98370849, 3.9233762 ,
       4.52462968, 4.62254403, 4.13604028, 4.75878274, 0.28980549,
       2.41060357, 6.19628197, 4.5977591 , 1.61359122, 0.06645222,
       4.19688545, 0.16690717, 0.82121925, 5.78102712, 3.93620151,
       2.78606447, 6.27453815, 3.65449056]), array([ 4.10844962,  1.72511323,  2.65749784,  1.84506628,  4.50849867,
        5.06202913,  2.93929167,  2.61944154,  3.89403405,  0.19592024,
        0.57236226,  1.88641936,  1.1255268 ,  2.01232463,  4.0919556 ,
        1.94857707,  3.2502145 ,  0.0914591 ,  1.89515036,  2.02733428,
       -0.07488359,  2.22247985,  3.79521037,  6.03573505,  3.11432243,
        4.91009141,  5.23807588,  3.40838139,  1.00095441,  1.71582728,
        5.74025573,  2.84473989,  5.67740695,  4.56934778,  5.35947816,
       -0.27040318,  5.7256083 ,  3.05932552]), array([2.91279845e+00, 3.02133592e+00, 5.05826992e+00, 3.95416447e+00,
       3.11947487e+00, 1.35403735e+00, 3.33779760e+00, 1.80847233e+00,
       3.65851596e+00, 3.28619998e+00, 3.80299220e+00, 1.36544614e+00,
       2.79796504e+00, 2.84326394e+00, 5.35126259e+00, 8.65089999e-01,
       6.17106725e+00, 5.81503150e+00, 5.47192157e+00, 5.73298844e+00,
       4.11869856e+00, 9.43396238e-01, 5.65890440e+00, 4.07553692e+00,
       4.79393564e+00, 3.81608956e-03, 5.42446778e+00, 4.46945598e+00,
       1.04030813e+00, 2.27537930e+00, 2.13165026e+00, 3.57793257e+00,
       3.69781839e+00, 2.63436690e+00, 1.29396430e+00, 1.70262797e+00,
       8.90789541e-01, 3.14949254e+00]), array([5.01455201, 1.60354335, 3.69201734, 3.5740015 , 1.00671611,
       4.13451424, 3.31980377, 3.22590369, 2.84661587, 0.43463614,
       3.90059256, 0.56458226, 1.64272522, 0.30328296, 0.10692144,
       5.96035592, 1.6715046 , 6.29715233, 2.49470496, 4.60329364,
       2.06477932, 3.31591138, 0.15584106, 2.81315304, 6.18633129,
       3.07909318, 3.5566746 , 1.7735013 , 3.74161093, 3.73065524,
       1.97989174, 5.67098968, 3.99839832, 4.5058919 , 1.96158476,
       4.41168695, 2.03012922, 5.67875744]), array([4.59648790e+00, 2.48168138e+00, 3.07808486e+00, 6.16850132e+00,
       4.91209792e+00, 4.86196296e+00, 5.11374594e+00, 2.51597026e+00,
       5.96190855e+00, 6.10521585e+00, 3.07439547e-01, 3.53266928e+00,
       1.83055523e+00, 1.16471747e+00, 4.87951679e+00, 2.70835496e+00,
       3.99677862e+00, 1.37112817e-04, 5.91395896e+00, 5.06629813e+00,
       3.94285027e+00, 6.84027173e-01, 3.83366776e+00, 5.53108030e+00,
       2.22463184e-01, 4.80912554e+00, 4.55665448e-01, 1.43017052e+00,
       4.66236003e+00, 3.99005766e+00, 4.00419887e+00, 5.94629668e+00,
       4.57825750e+00, 3.95013591e+00, 4.86626313e-01, 4.57772518e+00,
       5.34962597e+00, 6.26594141e+00]), array([ 3.96921836,  7.05423143,  5.493035  , -0.14104983,  4.75894926,
        3.18062171,  5.74526384,  1.52681003,  6.27636517,  3.35570578,
        2.71606371,  5.76989291,  2.20980914,  3.40554554,  5.74650889,
        3.56442741,  2.51281285,  1.86626657,  0.69963692,  2.0320037 ,
        3.17683807,  4.31532511,  1.75158647,  3.06391272,  0.4330043 ,
        5.64907259,  6.28118239,  3.4836493 ,  4.99942568,  4.35165178,
        2.82278906,  4.48975435,  6.05987549,  1.2630009 ,  5.86708443,
        2.57182228,  2.27009458,  3.93090513]), array([2.90477427, 2.22555667, 2.92214056, 4.0284123 , 3.55043186,
       4.42066022, 1.66223773, 4.23794896, 5.40581506, 0.27276158,
       5.77934144, 5.21113424, 0.63317046, 4.04393096, 5.58741931,
       0.67741431, 4.33152469, 6.12417916, 4.75309726, 0.41752409,
       5.2677404 , 3.01864562, 4.10788759, 0.12639679, 4.03459903,
       1.93373971, 3.70930294, 6.10103966, 0.80657057, 2.68924722,
       5.6648853 , 2.05550185, 5.5416773 , 1.6790307 , 5.9607257 ,
       2.03879751, 4.98419716, 0.69186288]), array([4.84630098, 4.30102091, 1.58379598, 6.00640827, 5.29938508,
       0.52637468, 0.01288722, 6.18518428, 4.68635847, 4.03188666,
       2.79751008, 4.56765681, 0.23659055, 4.92892144, 1.98206064,
       2.11393852, 3.41033601, 4.26661833, 3.59581054, 3.50371921,
       4.36006069, 0.28762625, 3.09007317, 0.80652865, 3.54715328,
       4.34113069, 1.12186781, 6.03912091, 6.27071789, 5.5993415 ,
       1.82418022, 2.23967544, 3.61978643, 4.84840597, 0.59650857,
       2.14234553, 5.4289396 , 0.18560895]), array([3.75065503, 5.84463931, 4.69829579, 3.48137274, 0.63626888,
       0.95980333, 4.11987558, 3.21238993, 6.27767832, 1.22112386,
       4.56933059, 2.47012092, 1.44687811, 0.56737454, 4.6105669 ,
       5.59951089, 4.30770875, 1.57922215, 3.84263087, 2.56674072,
       0.90151997, 4.77050972, 2.94652913, 3.83866907, 4.13909596,
       5.08373245, 5.54533434, 4.03227228, 2.89371472, 0.56909295,
       3.38868249, 4.11266674, 1.2342018 , 0.81021904, 2.96817437,
       2.8422277 , 3.09596157, 1.65845897]), array([0.99781135, 3.79975437, 4.81010614, 0.87029922, 0.06453319,
       1.53701865, 5.63305744, 5.25975652, 4.68418515, 5.81947825,
       0.65471729, 6.14439672, 1.35274647, 1.92538677, 6.14839545,
       5.18528548, 5.63725644, 1.84960259, 3.52046731, 0.33849935,
       5.76774104, 0.47114127, 0.41182882, 5.65068099, 1.56271552,
       1.19877975, 5.56230804, 5.48743697, 1.10160441, 3.99048351,
       1.4159421 , 0.94465226, 2.30709904, 6.03307823, 0.52719754,
       0.25079502, 2.42545709, 2.00842   ]), array([5.21765204, 3.38867457, 3.88307734, 1.48261514, 3.56430513,
       4.31101004, 3.12790565, 2.48745061, 0.47312608, 3.52348493,
       3.91607741, 5.89652802, 3.52031808, 4.47998583, 1.85353671,
       4.07815222, 1.82517358, 4.25675062, 5.57204873, 5.61051444,
       3.98287382, 0.1154143 , 5.94946822, 1.03588423, 5.16633962,
       3.05981636, 1.77114147, 4.02858933, 5.03326485, 4.27383602,
       4.70833643, 2.01474127, 0.17618884, 5.89847784, 6.06079221,
       3.81717104, 2.09810058, 0.71337575]), array([1.65697327, 5.60076638, 1.56975499, 4.62672397, 3.40169116,
       4.00083845, 0.67778596, 1.15704307, 1.42360907, 0.33207423,
       1.73161844, 4.80159112, 7.45765976, 0.77777399, 1.46599275,
       4.65700554, 1.41671631, 4.2418211 , 1.87913535, 5.9251368 ,
       5.13805155, 3.28629341, 4.51887655, 5.66112271, 5.3565654 ,
       0.11296973, 1.28981797, 4.94617833, 4.9956716 , 4.3005699 ,
       3.17774579, 5.04536536, 3.08733598, 0.52260726, 1.92365715,
       3.80514321, 3.85198033, 4.77548555]), array([5.18490571, 0.76609356, 2.62103207, 2.43476281, 2.13363492,
       5.91588871, 1.16263697, 5.67533925, 4.58932221, 4.13192018,
       6.38958521, 0.21978547, 3.09144591, 0.90569196, 4.73062292,
       5.69435188, 5.95920436, 4.89294335, 5.50271571, 1.94234823,
       5.76456746, 5.30798479, 2.98333934, 4.26973224, 0.10682487,
       2.38162709, 2.2084637 , 2.71906864, 2.66444092, 2.1007797 ,
       6.21910216, 1.42756568, 3.05482681, 4.10123853, 4.12408553,
       1.46431491, 3.63670002, 4.31660733]), array([3.46376516, 3.26541631, 5.6962171 , 4.10742868, 6.69591317,
       0.3267078 , 1.368313  , 2.83151877, 5.27612345, 2.39228524,
       2.86142335, 5.98678063, 4.37939861, 2.95311851, 4.42104332,
       3.00773597, 1.12548324, 0.68599669, 6.22197735, 0.38184172,
       3.2866055 , 0.20401757, 0.69313576, 5.35497323, 3.13219353,
       3.1919478 , 7.23126216, 2.74000155, 4.79659439, 4.05955539,
       2.48327136, 5.55522448, 1.39546766, 2.65654481, 5.71069598,
       2.3615746 , 2.61340465, 6.39164315]), array([ 6.57441755,  4.8685846 , -0.01610773,  1.94494799,  5.64093755,
        2.86164884,  3.80923102,  0.75200887,  0.63934594,  1.70940035,
        2.93393734,  2.15574032,  3.1569137 ,  4.66832646,  3.97375919,
        3.21130622,  5.67890662,  6.60193529,  4.63333504,  0.30392826,
        2.46233569,  5.18288017,  2.41777351,  4.47701527,  5.75670808,
        3.47685253,  3.07719313,  0.68542266,  4.79924448,  1.6488924 ,
        0.82755841,  5.52932915,  0.66460031,  4.31599996,  4.13624346,
        6.0993662 ,  4.25793865,  2.77608047]), array([1.9324456 , 1.1023207 , 0.95651977, 3.51327008, 1.1817466 ,
       0.74572804, 4.15656428, 3.02006191, 4.63427659, 0.66616375,
       5.30714326, 4.77098189, 4.11310358, 5.30379487, 3.95608132,
       5.93761098, 1.31500598, 5.70111388, 5.61376239, 2.98200776,
       4.32834565, 3.85745897, 0.45102717, 3.3933339 , 3.7364375 ,
       1.50334648, 3.71310448, 6.16746238, 4.41654225, 2.86407168,
       5.27807225, 4.64086329, 1.46917199, 4.34668172, 3.63673439,
       1.05493635, 2.20351816, 4.73321844]), array([2.20828718, 4.06744423, 1.14695484, 5.86111874, 5.8489319 ,
       3.07106108, 2.36349329, 2.39757006, 4.99269505, 5.75728011,
       1.18696601, 2.25259112, 2.48252074, 1.31762808, 1.17318955,
       2.33258757, 3.85203073, 1.29443122, 0.22687663, 5.18577586,
       0.21111762, 6.27380764, 0.77497889, 3.63695837, 5.32082268,
       1.22743248, 2.82531765, 1.46876299, 6.24890787, 3.64267307,
       0.14895683, 2.63235794, 0.3669417 , 0.31650261, 1.77797413,
       1.80219593, 5.50399294, 3.51072548]), array([1.30046293, 6.31582026, 2.68510052, 0.33425155, 1.75865737,
       5.40638057, 3.08232985, 4.77430181, 4.49498966, 1.85503819,
       0.98562184, 0.78472532, 0.16938945, 6.62574136, 4.28087769,
       3.28299352, 4.69895584, 2.46840332, 1.55857344, 4.54639817,
       3.82793997, 0.63244603, 0.90492276, 1.30313394, 1.56958869,
       4.30159038, 4.37176037, 0.72031125, 2.08787447, 2.13403297,
       2.92736948, 2.56244473, 6.13483785, 2.2371432 , 5.63417448,
       3.04617866, 3.01265707, 2.05143814]), array([1.10695589, 2.34056812, 2.08905756, 0.15035142, 5.05774263,
       1.85567022, 4.72589262, 5.7598419 , 3.62760928, 4.53359466,
       2.63025789, 1.77205278, 4.54161663, 1.58734746, 5.72362932,
       2.1949686 , 3.84036754, 2.66987529, 2.12422199, 0.70106898,
       1.95310767, 2.89286406, 5.21043737, 1.63982006, 0.71874945,
       4.78257106, 3.10255215, 5.27078325, 5.99067023, 5.20247149,
       5.1786349 , 2.62542537, 1.33173854, 6.12829597, 5.03285758,
       5.15934697, 1.91769006, 3.3985535 ]), array([6.3929149 , 2.7527625 , 5.91891512, 5.45514662, 0.98218035,
       2.15443481, 5.9872228 , 5.23128719, 4.03193641, 5.17383562,
       3.42766508, 2.72771322, 6.08380585, 2.90798938, 5.69496085,
       1.44494783, 2.69771771, 0.8455639 , 2.89880079, 1.65926824,
       2.61505786, 2.65091267, 2.28045274, 2.68331279, 2.41511317,
       3.41969898, 1.32954408, 1.27810704, 5.22666144, 0.55187177,
       0.73214185, 3.5593411 , 3.67090377, 2.37809117, 1.45908805,
       4.74317662, 1.5787185 , 3.33923414]), array([3.11367697, 0.05383931, 2.74660564, 4.31015525, 0.88871337,
       0.28563602, 1.7485706 , 4.43416379, 1.55705326, 3.05276131,
       5.10477885, 6.39354945, 2.5852495 , 2.30158286, 4.21551558,
       0.14433567, 3.89617065, 3.02993699, 1.28418545, 5.69185709,
       2.59722795, 5.56815533, 3.52522248, 4.4666112 , 4.40711036,
       5.23144089, 3.08345274, 3.65427303, 2.31278985, 1.69851465,
       0.07769644, 3.64906209, 2.13327427, 6.04329925, 3.13048907,
       3.35407986, 5.57705017, 4.80639983]), array([6.70608206, 3.69251847, 4.7072394 , 5.05346919, 6.90131678,
       4.48046304, 5.361205  , 2.69636911, 3.01979887, 0.16648653,
       4.50691309, 2.7141042 , 1.55499392, 2.549143  , 5.36491993,
       0.12315915, 2.31288441, 1.11823087, 1.05130011, 5.62638061,
       1.01756648, 0.06901423, 2.35001996, 3.52226875, 3.32005092,
       3.80964588, 4.91870923, 0.32703762, 1.74513081, 0.39860912,
       1.80774694, 5.99525242, 4.68067908, 4.86516699, 5.28415533,
       2.52809133, 1.65074848, 4.65178913]), array([6.22318462, 4.47604133, 4.66833112, 3.71123105, 0.29391925,
       4.19432611, 5.85520437, 2.77273301, 4.90195386, 0.63838343,
       2.54186143, 3.51125783, 5.60226334, 4.05277752, 1.2375975 ,
       2.55175565, 2.33848405, 4.76347235, 4.58297488, 2.80820983,
       2.72541858, 3.78450331, 2.08750858, 6.16799667, 4.27312716,
       6.01063362, 1.41391101, 3.00724444, 5.92955508, 3.70171839,
       0.53042706, 2.36911601, 4.47035654, 1.17218238, 1.12599312,
       0.60441123, 4.27134711, 1.81018995]), array([2.10224504, 6.82852336, 3.03378607, 5.37843843, 0.48807353,
       3.56731252, 4.40964175, 5.34943898, 0.60637852, 3.19470017,
       4.53234725, 2.77808364, 4.88955335, 0.45594487, 1.2020012 ,
       3.74724813, 5.76050308, 6.11909669, 1.86268564, 2.74046331,
       2.50414951, 5.70372822, 2.00115837, 5.2461714 , 1.65060613,
       1.97748449, 3.77379982, 1.0308725 , 1.79898764, 5.27407533,
       1.21735915, 1.37325501, 2.81412057, 1.5431079 , 4.14190687,
       4.70245973, 4.28259096, 2.63481569]), array([1.62563547, 3.55395682, 5.71949004, 6.1796152 , 1.32978688,
       1.49845837, 2.44882679, 3.16891706, 3.51852065, 0.63233958,
       2.27482215, 1.59885812, 2.14955579, 1.84627032, 1.45602983,
       1.23345268, 2.17371644, 3.06780235, 1.77538223, 1.35444453,
       2.86857771, 5.60631722, 4.82090353, 4.30573932, 6.27746054,
       3.42150828, 4.32175834, 2.24597326, 5.22312311, 3.10627369,
       6.03757004, 3.40607676, 0.49003199, 1.59848024, 1.66195709,
       5.77275545, 1.44425032, 2.92832047]), array([6.21417516, 1.91479072, 0.90261576, 3.23442137, 5.05701268,
       1.12620224, 2.40683134, 2.41316074, 5.50819978, 6.094545  ,
       3.12496605, 0.71636313, 1.41438849, 5.21401389, 2.29555131,
       1.46851262, 3.74694664, 4.91700382, 2.40950026, 3.14804972,
       1.81239589, 2.4200378 , 4.22104626, 0.70667848, 5.91913961,
       0.42673461, 5.3410096 , 4.27432004, 2.55631573, 5.63447071,
       3.46593631, 3.51154653, 0.22979392, 0.21205189, 3.23718968,
       0.39398535, 1.56729191, 2.43323608])]","[79.93697094917297, 77.78148603439331, 77.52159833908081, 76.59540867805481, 77.99671196937561, 76.32784962654114, 77.67916893959045, 76.4674003124237, 78.81341886520386, 76.3381929397583, 78.52456140518188, 76.3498752117157, 78.30642557144165, 76.34170126914978, 78.02632331848145, 76.74527025222778, 78.11322021484375, 76.45360708236694, 79.31796836853027, 76.87706756591797, 78.19776821136475, 76.29158568382263, 78.34225273132324, 76.60464811325073, 78.12548637390137, 76.31089735031128, 77.79422664642334, 76.4945342540741, 78.21945118904114, 76.23284769058228, 77.96794986724854, 76.94996976852417, 77.61033391952515, 76.44965815544128, 77.97022533416748, 76.28442239761353, 78.08200883865356, 76.47746062278748, 77.98345470428467, 76.49817252159119, 77.81683826446533, 76.05787301063538, 78.08890080451965, 76.04386782646179, 78.18164467811584, 76.38659453392029, 77.98328685760498, 76.2961254119873, 77.89055752754211, 76.11583590507507, 78.25159692764282, 76.30251145362854, 78.60344576835632, 76.70940065383911, 77.8250834941864, 76.22726845741272, 78.59211421012878, 76.44675946235657, 78.06975102424622, 76.6915922164917, 77.85880255699158, 76.28950452804565, 78.08976769447327, 76.5987389087677, 78.23440027236938, 76.51557636260986, 77.33345770835876, 76.18927049636841, 78.29145812988281, 76.23457765579224, 77.66930484771729, 76.17377066612244, 77.38013410568237, 76.42896175384521, 77.90067076683044, 76.39195656776428, 77.95379972457886, 76.68317127227783, 77.22937178611755, 76.74274754524231, 77.80870056152344, 76.4188015460968, 77.692946434021, 76.67960238456726, 78.6413516998291, 76.45931315422058, 78.6902801990509, 76.65964388847351, 78.56158804893494, 76.59183979034424, 78.67997527122498, 75.6078679561615, 77.24207210540771, 75.60652112960815, 76.8209159374237, 75.43714022636414, 76.18142175674438, 74.56958341598511, 76.8151330947876, 74.54748296737671]"
