,problem,layers,optimizer,solutions,parameters,time
0,"{'type': 'maxcut', 'graph': {'directed': False, 'multigraph': False, 'graph': {}, 'nodes': [{'id': 0}, {'id': 1}, {'id': 2}], 'links': [{'weight': 6, 'source': 0, 'target': 1}, {'weight': 7, 'source': 0, 'target': 2}, {'weight': 1, 'source': 1, 'target': 2}]}, 'position': {0: [0.07851080556038943, 0.24969078637319295], 1: [-1.0, 0.10034683312306583], 2: [0.9214891944396112, -0.3500376194962584]}, 'solution': ([0, 1, 1], 13.0)}",13,"{'optimizer': 'COBYLA', 'maxiter': None, 'shots': 1024, 'parameter_strategy': 'RANDOM', 'x0': None, 'backend': <QAOA_Tester.Backend.StatevectorEstimatorBackend object at 0x7f5a4d83b9a0>}","[([1, 1, 0], -8.0), ([1, 1, 0], -8.0), ([0, 0, 1], -8.0), ([0, 0, 1], -8.0), ([0, 0, 1], -8.0), ([0, 0, 1], -8.0), ([1, 1, 0], -8.0), ([0, 0, 1], -8.0), ([1, 1, 0], -8.0), ([0, 0, 1], -8.0), ([1, 1, 0], -8.0), ([1, 1, 0], -8.0), ([0, 0, 1], -8.0), ([0, 0, 1], -8.0), ([1, 1, 0], -8.0), ([1, 1, 0], -8.0), ([1, 1, 0], -8.0), ([0, 0, 1], -8.0), ([1, 1, 0], -8.0), ([1, 1, 0], -8.0), ([1, 1, 0], -8.0), ([1, 1, 0], -8.0), ([1, 1, 0], -8.0), ([1, 1, 0], -8.0), ([1, 1, 0], -8.0), ([1, 1, 0], -8.0), ([1, 1, 0], -8.0), ([1, 1, 0], -8.0), ([1, 1, 0], -8.0), ([1, 1, 0], -8.0), ([0, 0, 1], -8.0), ([1, 1, 0], -8.0), ([0, 0, 1], -8.0), ([1, 1, 0], -8.0), ([0, 0, 1], -8.0), ([0, 0, 1], -8.0), ([1, 1, 0], -8.0), ([1, 1, 0], -8.0), ([1, 1, 0], -8.0), ([1, 1, 0], -8.0), ([0, 0, 1], -8.0), ([1, 1, 0], -8.0), ([1, 1, 0], -8.0), ([0, 0, 1], -8.0), ([0, 0, 1], -8.0), ([1, 1, 0], -8.0), ([1, 1, 0], -8.0), ([1, 1, 0], -8.0), ([1, 1, 0], -8.0), ([0, 0, 1], -8.0), ([0, 0, 1], -8.0), ([1, 1, 0], -8.0), ([0, 0, 1], -8.0), ([0, 0, 1], -8.0), ([0, 0, 1], -8.0), ([0, 0, 1], -8.0), ([0, 0, 1], -8.0), ([0, 0, 1], -8.0), ([0, 0, 1], -8.0), ([0, 0, 1], -8.0), ([0, 0, 1], -8.0), ([0, 0, 1], -8.0), ([1, 1, 0], -8.0), ([1, 1, 0], -8.0), ([1, 1, 0], -8.0), ([0, 0, 1], -8.0), ([0, 0, 1], -8.0), ([1, 1, 0], -8.0), ([1, 1, 0], -8.0), ([1, 1, 0], -8.0), ([0, 0, 1], -8.0), ([1, 1, 0], -8.0), ([0, 0, 1], -8.0), ([1, 1, 0], -8.0), ([0, 0, 1], -8.0), ([0, 0, 1], -8.0), ([1, 1, 0], -8.0), ([0, 0, 1], -8.0), ([1, 1, 0], -8.0), ([0, 0, 1], -8.0), ([0, 0, 1], -8.0), ([1, 1, 0], -8.0), ([1, 1, 0], -8.0), ([0, 0, 1], -8.0), ([0, 0, 1], -8.0), ([0, 0, 1], -8.0), ([0, 0, 1], -8.0), ([1, 1, 0], -8.0), ([1, 1, 0], -8.0), ([1, 1, 0], -8.0), ([1, 1, 0], -8.0), ([1, 1, 0], -8.0), ([0, 0, 1], -8.0), ([0, 0, 1], -8.0), ([0, 0, 1], -8.0), ([1, 1, 0], -8.0), ([0, 0, 1], -8.0), ([1, 1, 0], -8.0), ([1, 1, 0], -8.0), ([1, 1, 0], -8.0)]","[array([2.11356528, 4.11847658, 3.18568616, 5.16710255, 6.4170355 ,
       4.68155049, 5.41715069, 1.20781491, 3.06056286, 0.34546086,
       4.45669847, 5.06297401, 2.69554948, 3.56964357, 6.0083423 ,
       2.79601624, 5.23926461, 2.89411813, 4.57124359, 4.57746062,
       4.10249795, 2.81869313, 1.25683005, 3.21710748, 2.75710375,
       1.69952664]), array([3.97911715, 5.07160859, 4.93207164, 6.14718166, 3.89177092,
       0.48716892, 4.82103706, 2.04696031, 0.10894194, 6.01771959,
       1.77395068, 4.82460595, 2.0893507 , 3.92734175, 4.48944323,
       2.10912336, 3.24419631, 5.34481337, 4.81662374, 2.3326784 ,
       2.51274336, 2.75193283, 6.16326597, 2.8328804 , 2.35424045,
       1.70299772]), array([2.95644497, 1.46671896, 3.78731132, 6.06260009, 2.18877161,
       6.94633807, 3.41661816, 4.4449484 , 1.20886077, 4.63138984,
       3.33038618, 3.2676404 , 1.28238876, 2.7920168 , 0.9806326 ,
       0.27230645, 4.60979158, 1.09239047, 2.19580524, 1.7783158 ,
       4.30295809, 5.60787663, 0.899152  , 4.65706991, 2.04972988,
       5.45295099]), array([1.38919441, 1.76852207, 5.62698095, 2.90928341, 4.23613399,
       2.56442892, 5.85196692, 3.66754183, 3.75526129, 0.29155798,
       3.29826759, 1.48181908, 3.18189972, 3.24307336, 2.29297849,
       5.46281434, 4.36922064, 6.2865248 , 1.53456795, 5.40027993,
       5.58908025, 2.84784843, 1.49002196, 3.44764259, 1.20776055,
       2.65409664]), array([5.22112098, 0.38246298, 6.2156505 , 4.45342516, 0.32747281,
       0.95988976, 3.56244472, 3.08031137, 3.82479851, 1.09452638,
       5.16406544, 5.15001089, 1.7831753 , 3.986937  , 4.04394509,
       6.20836806, 0.3590084 , 0.65151724, 3.29699904, 0.48810773,
       4.24705878, 1.09176623, 3.70902264, 6.14096497, 5.68855393,
       0.64012244]), array([2.87278747, 3.09222397, 5.45660821, 6.343005  , 5.5125595 ,
       2.29725638, 3.65639422, 3.92393532, 2.78938272, 1.2215092 ,
       4.36752737, 0.49203782, 5.22530812, 2.57911931, 5.54995641,
       5.66281468, 3.62648679, 2.66389798, 0.55308115, 1.82438207,
       1.77584674, 4.47010948, 1.6854715 , 0.15232481, 5.93033455,
       6.0050416 ]), array([2.32766103, 0.09781959, 1.94637081, 1.34696119, 4.47102188,
       2.07781581, 2.50890945, 5.62286515, 3.19673792, 3.97095637,
       4.20303165, 2.63966267, 0.13139089, 1.05895192, 1.34463107,
       4.40780111, 5.55165709, 3.64576423, 2.01360477, 4.92796168,
       4.72180977, 3.52012611, 5.42688808, 3.7757618 , 3.48449515,
       3.03115428]), array([4.65407968, 0.69756002, 0.45937591, 2.82272141, 4.25796676,
       4.39218699, 3.69551407, 3.4068835 , 3.51324709, 5.64392562,
       4.23717165, 1.78078342, 4.65783206, 1.40360466, 2.18649595,
       4.33965324, 4.7517121 , 2.39607205, 3.05899581, 2.34368751,
       0.08523958, 0.4867422 , 4.83267188, 4.92943972, 5.37378243,
       4.23470935]), array([0.51342702, 2.46202834, 1.77285468, 5.85748082, 0.89858161,
       3.59814121, 5.4859652 , 4.51431495, 2.92133499, 6.5626199 ,
       5.68808691, 0.11314208, 3.86328107, 0.50351755, 0.67420373,
       3.23514893, 3.65412587, 5.19115921, 5.43118401, 4.07481369,
       1.22289293, 0.76921525, 0.51847894, 5.0250652 , 0.72646236,
       2.29821161]), array([1.87646312, 1.59691434, 6.81026063, 1.87474487, 5.99383697,
       2.92225855, 2.25284321, 0.20997971, 1.77800244, 0.34458496,
       0.21399729, 5.77974774, 1.37685873, 4.28554659, 1.27866597,
       2.78444129, 1.02841795, 5.84813707, 3.43361832, 0.07890734,
       3.62529986, 1.2267935 , 4.77149306, 0.69744534, 0.59015211,
       4.79904556]), array([1.23767924, 0.31842599, 0.1568311 , 4.11214845, 3.51902083,
       2.25505208, 4.81932542, 1.99404054, 0.16238288, 3.38804639,
       2.2646    , 1.35727966, 6.06481708, 0.21609989, 5.73263921,
       0.99662911, 0.08115729, 4.57505472, 5.96486043, 3.50954462,
       3.4372716 , 0.98684313, 5.36961127, 1.47076078, 6.11587809,
       3.77848442]), array([2.08578267, 0.035374  , 3.76731079, 4.0990067 , 4.76761797,
       6.00947712, 0.98306444, 3.51311128, 5.75127168, 3.30843815,
       3.73656467, 6.00790748, 4.93863644, 0.22599422, 4.33615501,
       3.16967534, 6.09733602, 2.89732129, 5.00310609, 1.33443793,
       6.52559916, 5.3852389 , 1.95545807, 6.13827052, 6.37103984,
       2.43265795]), array([5.66552771, 3.07982071, 1.42262369, 4.28092125, 4.45245773,
       4.8899246 , 1.292535  , 2.50767477, 3.67676478, 5.38027695,
       3.46997013, 2.75508803, 3.66895438, 3.13808449, 0.33545837,
       4.31947411, 1.89516411, 2.82760179, 1.453604  , 5.75221911,
       0.21111908, 3.09086474, 0.16460652, 0.36936274, 6.08665932,
       2.18734768]), array([2.71073954, 5.5995146 , 3.81093318, 7.17170033, 5.5530618 ,
       0.98007981, 0.57251992, 2.20818202, 3.62403314, 1.12359701,
       1.52425382, 0.70303958, 2.92047398, 5.55521365, 4.06432105,
       5.73606536, 3.47248955, 3.89030467, 7.25518969, 4.49264477,
       3.01959588, 3.70736813, 1.24404994, 3.65786749, 0.53169827,
       0.53959548]), array([4.20658968, 5.57938418, 6.28727431, 4.27905526, 4.63567455,
       2.66267297, 4.06845005, 2.9145587 , 4.67775338, 0.90579439,
       3.68108356, 0.82482587, 4.70973927, 2.46966635, 1.67084993,
       0.44713168, 0.01974484, 5.60060899, 4.96607595, 5.20933397,
       3.7750868 , 4.82491381, 1.0875888 , 3.83994204, 3.50948422,
       1.90141499]), array([-0.1062904 ,  4.01926179,  4.92085095,  3.95304715,  4.89540462,
        7.19671693,  5.45066637,  3.05447872,  5.331528  ,  5.77892488,
        2.28617497,  3.94452214,  1.83150841,  0.02278021,  4.61260233,
        2.88110548,  4.85312038,  4.00544511,  3.09588466,  4.81837011,
        5.42525687,  5.39923794,  4.62621916,  5.02598496,  3.80932729,
        3.41748351]), array([2.44317851, 4.97335199, 4.55603628, 2.11757956, 4.59076735,
       5.09184352, 2.4911899 , 3.4030421 , 2.07982665, 1.35788806,
       3.57967918, 1.08755055, 4.02503725, 1.78009656, 4.69101828,
       3.25140061, 0.80273616, 5.45370404, 4.3541753 , 4.50803447,
       3.22367572, 3.60685902, 1.24767601, 2.34884434, 3.34485239,
       4.83416642]), array([5.38247223, 4.97793982, 1.34634231, 2.48187813, 3.10044533,
       5.55234788, 3.35141112, 5.63866005, 2.60596089, 2.85531302,
       4.0305173 , 4.45543367, 5.50157212, 5.60009718, 2.42804044,
       2.04374183, 6.26276414, 4.24701863, 0.01205259, 1.57184855,
       2.1772759 , 1.99569254, 3.85261001, 3.30700593, 0.81129861,
       5.18070755]), array([3.20701018, 5.35497767, 5.36564301, 5.01768173, 3.53076227,
       0.42990745, 2.3856304 , 2.4820225 , 5.33797134, 4.02542549,
       3.99052961, 5.85328995, 4.35254482, 4.5458044 , 4.18302548,
       2.8290178 , 0.53359692, 1.92604254, 2.85569061, 2.73340899,
       1.1542456 , 6.58042245, 4.30681949, 5.83705729, 0.92616177,
       2.55778104]), array([ 6.64758891,  3.35650452, -0.02400551,  2.92876238,  0.2856021 ,
        4.43792762,  5.36792891,  1.80403346,  2.44706379,  0.41589107,
        5.45537669,  4.32480443,  4.01041062,  1.75021575,  1.38298292,
        5.99461464,  5.10192418,  2.61748163,  0.31180261,  0.16946794,
        1.68531333,  2.31401897,  2.08429568,  1.5493893 ,  0.68284354,
        2.61549859]), array([3.25498883, 7.75180321, 0.35039428, 5.90024499, 2.13723781,
       3.30072738, 1.68332972, 5.17165698, 3.4208636 , 2.20396663,
       1.96419678, 1.34690969, 2.9085468 , 1.10560166, 1.05797156,
       3.898994  , 4.72032724, 2.66595578, 5.93639486, 6.60652264,
       3.66303201, 6.78402884, 1.64833706, 4.48134776, 3.83500242,
       5.22828826]), array([0.85231784, 3.97525049, 5.79148571, 0.81470577, 0.57877845,
       6.02246314, 2.68377257, 3.64082921, 0.45174823, 0.43124227,
       0.9374229 , 4.19056414, 1.48309783, 5.12539888, 2.00713059,
       4.93012078, 0.76835132, 0.91709983, 3.19690411, 5.18549904,
       2.95239993, 1.96450805, 5.88067134, 3.37813048, 7.07818267,
       3.20396653]), array([6.28243849, 5.62131545, 5.09836506, 2.38689992, 2.13809699,
       4.30798098, 0.71336989, 6.23439008, 5.36177169, 1.93037731,
       3.97130457, 4.80661284, 0.65102437, 0.69165574, 3.99509008,
       3.37099063, 3.17945277, 4.4125048 , 0.06210768, 0.47421671,
       0.7703368 , 5.30831691, 4.57015562, 6.1975413 , 1.37523674,
       1.41474817]), array([2.09751605, 2.14344803, 3.25206424, 2.15022651, 5.29284402,
       0.91054423, 0.85892312, 1.05493258, 4.19857914, 2.95964171,
       2.47537064, 3.26600906, 2.52715573, 4.02810881, 1.02296026,
       4.68976251, 5.05472129, 4.74461958, 2.67191638, 3.39430257,
       2.27928758, 0.64056553, 1.56255949, 1.52595351, 3.43039603,
       5.54307699]), array([4.56079721, 3.20611277, 0.35645613, 0.74291832, 3.52198413,
       5.2025937 , 6.23621857, 3.20006273, 1.05533229, 5.41995727,
       4.33102013, 5.29146312, 7.25700842, 2.32862782, 5.92074382,
       4.7987294 , 1.82717009, 5.74771372, 2.85053281, 0.94776747,
       5.03064478, 2.80323002, 5.14610541, 0.68846954, 0.74387175,
       1.21011948]), array([5.57709443, 3.42028794, 0.80475311, 3.22015607, 0.60687757,
       0.49977748, 4.67949504, 5.61699557, 2.51951589, 2.6598966 ,
       2.23901626, 4.24470676, 1.63473396, 2.13991981, 5.09763128,
       5.00031105, 4.31115389, 1.30851893, 5.36318698, 6.46851889,
       5.00581262, 5.03341919, 2.14096849, 1.58618717, 0.38267135,
       1.44015036]), array([5.30904974, 4.73728992, 3.02136111, 5.06747115, 1.11646914,
       4.2205829 , 5.89233597, 5.25625366, 5.20673309, 5.09723009,
       3.82668503, 2.9898378 , 4.79960915, 2.94443049, 2.76170747,
       2.24801804, 0.23516054, 1.42137572, 1.45828434, 4.53356123,
       2.77198559, 5.77310612, 7.30183096, 5.77195166, 5.45046925,
       4.02953516]), array([0.7540888 , 1.24405222, 1.51539856, 5.55821646, 3.39702598,
       6.42599039, 0.49043763, 2.62295782, 1.76535402, 4.70528051,
       3.62957991, 6.43618737, 2.80528786, 3.89860186, 0.91435639,
       3.40799888, 0.89235718, 0.7680661 , 0.84100374, 7.07206562,
       3.32843613, 2.41312641, 2.51006855, 3.78324553, 4.12358855,
       2.82602996]), array([6.71556701, 3.61089142, 2.36925481, 5.70499615, 4.21229178,
       6.29403142, 5.8961191 , 3.49957273, 4.30899377, 0.71847992,
       0.95879607, 5.80163827, 3.01972336, 0.82307608, 2.4242709 ,
       3.29857801, 5.35005224, 0.22383358, 1.80699559, 2.10968257,
       1.33843835, 5.4068383 , 0.6954743 , 5.46994597, 5.67297197,
       2.51036317]), array([1.22758887, 4.38381371, 1.28862584, 2.91587533, 5.62282059,
       4.69447803, 4.7146503 , 0.21335855, 4.99912018, 0.98671438,
       4.33145277, 1.23100132, 0.46775411, 5.42358762, 4.52141321,
       5.21357098, 5.35772654, 2.0235066 , 1.1018685 , 3.2168562 ,
       4.49916538, 4.57303233, 3.26568358, 5.86472419, 5.75524376,
       4.20523369]), array([2.657288  , 5.79785968, 3.9663057 , 1.9435637 , 0.13228422,
       1.13846289, 5.38019477, 4.3164657 , 2.97082792, 4.02769691,
       6.29043845, 2.40090915, 3.46742639, 2.46815206, 2.74123075,
       7.00402665, 7.01595285, 4.8755527 , 0.03119694, 4.15930009,
       4.93854973, 4.87148924, 0.21944818, 1.51587332, 3.61166529,
       5.54162391]), array([6.4803325 , 1.05314788, 3.15639289, 6.23355825, 6.01590705,
       3.93586685, 4.49859886, 2.38663652, 3.75985294, 5.55645228,
       4.38590801, 4.97059071, 5.33162218, 5.25279573, 0.42214235,
       3.61894367, 3.45406662, 3.59137931, 2.05589867, 0.62778852,
       3.85686416, 4.0144727 , 0.87535286, 1.29815554, 5.08738441,
       5.74682881]), array([ 3.63406488e+00,  5.85915626e+00,  6.13668269e+00,  6.64115967e+00,
        1.91127802e+00, -1.49597867e-04,  5.02659854e+00,  1.76167260e+00,
        1.36805106e+00,  4.82230215e+00,  4.36969728e+00,  7.61368127e-01,
        4.92186303e+00,  3.20934853e-01,  3.38895554e+00,  4.48053921e+00,
        4.15774980e-01,  4.02190050e+00,  1.17511498e+00,  5.64737621e+00,
        2.28861115e+00,  9.42832865e-01,  7.88001862e-01,  1.11734713e+00,
        2.57361415e+00,  5.55933845e+00]), array([4.21622459, 3.92898522, 1.52638622, 2.15223676, 0.29438181,
       5.55670099, 5.08814533, 2.57696035, 4.86562394, 0.30796949,
       1.73036391, 4.4548349 , 2.78701523, 1.28407568, 3.91420319,
       2.36331601, 1.53741884, 3.28213561, 6.22030032, 3.02785766,
       0.47719923, 3.39842333, 4.51499265, 5.19008217, 4.01887714,
       3.95389227]), array([6.22470243, 6.15606193, 3.36780538, 3.61280634, 0.24261506,
       2.56284846, 5.41434994, 1.8096115 , 2.20299429, 0.79248009,
       5.99811864, 3.59382587, 0.3062002 , 5.47874194, 5.27396289,
       0.24736614, 2.26081512, 1.83870598, 5.89692408, 6.17607601,
       5.65113776, 2.93786716, 2.52789848, 4.58371138, 3.44828599,
       4.44101766]), array([3.12933487, 3.58774346, 5.84035429, 0.27135904, 5.7102787 ,
       6.05350245, 4.75063441, 0.65159725, 1.70998661, 3.65972851,
       3.37894615, 4.17689712, 6.15219256, 2.02796783, 0.60228188,
       3.70371041, 4.63543919, 4.66266811, 0.51745458, 3.46240552,
       0.71021233, 2.98936871, 1.67407529, 1.45794404, 5.74541328,
       3.8506491 ]), array([ 6.24987123,  4.32498706,  1.5429449 ,  2.81852226, -0.05004556,
        1.43839174,  1.10610831,  3.17117886,  1.50401942,  4.68415333,
        2.4952197 ,  5.72533119,  2.64947587,  2.50900402,  2.89254497,
        2.52973748,  7.08899419,  3.14154932,  0.5031266 ,  2.71803173,
        3.19510142,  5.82464209,  0.58984812,  1.73451306,  3.49904143,
        3.9218206 ]), array([0.26670938, 7.05477675, 1.05258015, 6.209072  , 0.37408467,
       6.27935803, 4.52464587, 3.63957443, 0.47081824, 4.18312057,
       0.47996028, 3.28742012, 3.1771687 , 5.88235511, 2.99785656,
       1.72112157, 1.75720105, 0.93297733, 6.70541468, 1.91995877,
       1.987524  , 1.53168328, 4.43421473, 2.45953286, 6.98322918,
       3.26568584]), array([3.22832782, 4.7213522 , 0.87968517, 1.04778744, 2.09921056,
       5.12372143, 1.7529581 , 2.46071746, 4.10143792, 3.4988851 ,
       0.60904358, 0.24480811, 0.34212017, 3.15889347, 1.83481782,
       3.83140345, 5.7716642 , 5.37379513, 6.08197463, 1.33872673,
       3.91865065, 4.01287561, 1.31711957, 5.3120896 , 2.62663801,
       0.2909808 ]), array([0.31317942, 5.08055276, 4.9986563 , 1.68907306, 3.84094495,
       4.43489155, 5.24630051, 0.75450038, 5.68073099, 0.35350777,
       0.14464232, 2.45872587, 2.75338811, 4.04046176, 2.69382443,
       5.33306649, 0.70408559, 0.95245636, 1.48154104, 5.91834315,
       5.1330427 , 1.01889325, 2.66563253, 4.62008917, 6.11717239,
       1.06073385]), array([3.53631259, 1.34772043, 0.75178671, 1.12169175, 1.43976544,
       3.50474755, 1.94997437, 5.77348261, 1.93976958, 3.96202433,
       0.85131447, 5.64411198, 1.51979306, 5.49874524, 6.21387893,
       1.57043869, 2.95408022, 3.56546896, 0.23959439, 4.36655238,
       6.03802633, 4.86688292, 1.31599307, 1.14936296, 1.85279861,
       0.51014957]), array([3.64730741, 3.5108185 , 0.34754885, 2.20712956, 4.78244648,
       0.27170746, 4.40520284, 2.38572832, 6.23900631, 6.19109434,
       0.50735744, 7.14999541, 4.58047118, 5.45087646, 0.97920806,
       2.41155127, 0.18249066, 6.20766934, 2.75891605, 4.26206967,
       0.37745253, 5.46935308, 2.12679558, 2.6798463 , 1.20312641,
       5.92715486]), array([4.75928006, 5.42972108, 4.57698863, 6.19589729, 6.16380958,
       2.66123744, 1.4787871 , 4.13028419, 0.76112761, 2.86810402,
       5.83387829, 3.32751125, 4.94845342, 4.97215741, 0.47602213,
       4.28107413, 5.4532361 , 0.30896601, 5.87049709, 5.23825852,
       1.99880125, 1.67194596, 3.26652795, 2.54150993, 1.64469064,
       2.0220688 ]), array([5.2882302 , 2.67421343, 5.18154492, 4.3529449 , 4.5570439 ,
       3.87708992, 3.86563637, 1.12066896, 6.14068989, 4.80267922,
       2.96212494, 2.75943162, 1.9010693 , 0.18462374, 4.07562859,
       2.34499879, 0.86567712, 0.82204054, 2.05925571, 3.40544524,
       1.94702139, 2.66026819, 2.71902865, 1.53641063, 4.94279089,
       2.04972829]), array([3.51220521, 0.2327331 , 6.9238077 , 5.33972053, 1.31099796,
       0.41539115, 3.30628719, 3.18144349, 2.44749164, 0.68395625,
       3.22888467, 0.56259016, 1.96405194, 1.17267689, 1.33636959,
       1.75535967, 4.74821594, 2.34156357, 0.99083347, 4.25796304,
       0.31797496, 3.45824444, 5.98413763, 6.12339266, 2.4822135 ,
       6.06583619]), array([4.0336744 , 6.05660912, 0.86613677, 4.56501552, 4.50313324,
       0.36819146, 1.67361159, 1.73285467, 5.21224559, 4.22587504,
       1.01379151, 3.57585065, 1.60835545, 4.0208541 , 0.6496826 ,
       5.94729552, 1.22745014, 2.01776423, 4.74214518, 5.31436738,
       2.9948631 , 4.17921413, 3.43767822, 3.48800511, 5.06152641,
       2.25993371]), array([5.59216624, 1.35876049, 3.69131607, 6.31491896, 4.21945356,
       6.0295777 , 3.38690204, 3.184087  , 2.36394087, 4.73641267,
       4.82089279, 4.91987129, 3.36701209, 6.09908933, 0.04710944,
       6.24010144, 1.5058966 , 1.42331565, 3.07664967, 2.03865944,
       0.32428699, 5.13612916, 5.31209287, 6.03538373, 2.21058999,
       2.71121152]), array([4.98652398, 5.97359757, 5.70672528, 1.7081536 , 1.08455565,
       5.23766888, 0.30751341, 2.0546045 , 1.1437842 , 4.98994538,
       0.38199942, 2.79094085, 2.61073745, 5.33385123, 5.48490554,
       2.54483326, 3.33452587, 3.30895842, 1.26283244, 6.07831202,
       1.08774775, 6.2267813 , 4.18613309, 2.1817153 , 2.92842223,
       3.42617346]), array([2.852271  , 4.19368531, 3.68575275, 0.14789679, 4.96822029,
       2.80941852, 2.27841895, 1.72316606, 6.18127457, 5.89530472,
       4.81928102, 1.83959004, 3.35850342, 0.70858239, 5.50657798,
       3.50361315, 3.9132132 , 5.62950382, 1.9691452 , 1.65196367,
       3.26826323, 2.6752813 , 1.11696172, 1.64767953, 3.24552628,
       2.2708608 ]), array([1.22410361, 4.70194343, 3.73413265, 1.14893029, 5.42263852,
       0.10113521, 1.47977548, 1.43462768, 1.86824349, 2.49920093,
       0.97649781, 6.152853  , 5.44451058, 0.38814709, 3.48690637,
       3.37799769, 0.38678664, 2.14551912, 0.82037414, 4.24723135,
       4.02810988, 0.27064944, 3.00358797, 5.95665296, 2.68477116,
       5.92825079]), array([5.37496423, 4.4949841 , 1.80404839, 0.1475652 , 2.10072611,
       3.89274538, 2.6610733 , 5.01776867, 0.48136401, 3.49494448,
       3.77468709, 1.0458918 , 0.26404923, 2.32733511, 1.46890612,
       3.17614492, 3.13281403, 2.40403525, 5.40898713, 0.85695946,
       0.48992016, 3.00019247, 4.44366545, 5.24545883, 4.11352829,
       2.77994836]), array([4.3690949 , 2.98243343, 5.58003243, 2.16899259, 3.25431851,
       2.81703657, 3.08173245, 4.51253117, 3.17985746, 4.55136826,
       6.02046749, 3.8502901 , 3.74472547, 3.70529849, 5.83698318,
       4.74718403, 2.03611972, 0.42281989, 5.88856944, 5.27020868,
       0.45204303, 4.18878715, 3.49476433, 4.56243674, 1.90682493,
       5.38526001]), array([3.19817801e+00, 3.77032152e+00, 3.06548246e+00, 8.62827766e-01,
       2.08565397e+00, 1.96289171e+00, 5.93313061e+00, 4.50376799e+00,
       2.37578574e+00, 1.64488342e+00, 1.84333421e+00, 3.96703715e+00,
       3.75638267e+00, 1.13713635e+00, 3.18783923e+00, 6.14779719e+00,
       1.56371470e+00, 2.93778129e+00, 2.63495759e+00, 5.48036737e+00,
       1.11301240e+00, 2.27982319e+00, 3.47707012e-03, 6.64565671e-02,
       2.21222225e-01, 2.63034377e+00]), array([6.95533113, 6.54450342, 4.02043668, 5.05238082, 4.6432103 ,
       2.14704258, 0.35594828, 1.01243862, 3.13842522, 4.84825672,
       0.60788827, 5.45583904, 0.06336973, 3.81440726, 5.94098862,
       1.12281753, 3.44608817, 1.13948602, 3.50252547, 0.09378486,
       3.39115462, 2.65402221, 2.37965793, 4.80334021, 4.19301729,
       4.8526148 ]), array([6.89158832, 1.5984941 , 6.06990578, 6.75299084, 1.56623687,
       2.29582378, 2.19875408, 2.19990013, 3.44652238, 3.74925184,
       0.45398944, 3.20821355, 4.07914327, 0.40773619, 1.97106338,
       4.27052723, 1.75360271, 3.25580077, 0.80657094, 6.2191091 ,
       2.67069428, 4.24523517, 2.13530903, 2.14236379, 4.02523719,
       0.56646278]), array([ 4.46460411e+00,  1.20951156e+00,  1.23295060e+00, -7.15505576e-04,
        4.75861485e+00,  2.94115666e+00,  4.38531082e+00,  5.24740515e+00,
        1.66918301e+00,  6.86761704e-01,  2.28237405e+00,  8.84193248e-01,
        5.54791537e-01,  4.56223801e+00,  4.03607516e+00,  2.05327397e+00,
        5.59662182e+00,  3.13419347e+00,  3.85455288e+00,  3.54944722e+00,
        1.76680064e+00,  5.45050552e+00,  8.87964919e-01,  2.08897756e+00,
        2.51536894e+00,  3.79704442e+00]), array([2.02216517, 4.84565279, 4.13035016, 5.4698146 , 3.44214157,
       2.44194094, 0.43787953, 5.91896875, 4.25998868, 5.21512171,
       2.05160404, 2.00952396, 0.58460255, 6.5880114 , 0.3608225 ,
       5.94476445, 3.88922965, 5.8024135 , 0.57375806, 5.88451629,
       0.78588686, 4.26799798, 6.16607901, 3.54817943, 2.27101052,
       2.4914892 ]), array([4.79340877, 3.76430092, 5.46341968, 0.83055121, 2.33899476,
       4.99457839, 1.41779617, 2.26011661, 2.92180864, 2.7476007 ,
       5.41609109, 2.13185057, 3.72928362, 4.65536876, 1.01536593,
       0.23491195, 4.15431766, 4.49467935, 5.93852272, 6.25047771,
       0.76862354, 1.08242548, 4.72974791, 5.2202812 , 5.25200901,
       2.86959104]), array([1.32740288, 6.1932703 , 5.00410483, 0.63894783, 4.78259845,
       1.09973121, 4.94496503, 2.84342711, 4.76242793, 3.56102756,
       0.16243275, 0.93458048, 1.3149498 , 1.98794062, 4.6296962 ,
       4.29852408, 1.53277018, 4.97832112, 4.05710823, 2.18446861,
       0.10771815, 1.88150326, 5.69876007, 0.33587894, 5.38774296,
       1.16369954]), array([ 1.8105798 ,  5.71574734,  5.49409187,  5.73987178,  2.70640269,
        5.16386482,  3.4865481 ,  4.91540909,  2.10325976,  0.70940654,
        1.3631006 ,  3.89602053,  4.22942567,  0.34439522,  0.77526271,
        3.24926038,  3.34885872,  2.58457025,  0.52351329,  3.3562747 ,
        3.37328633,  0.72308448,  3.82357454, -0.01724389,  0.62485033,
        5.52715419]), array([2.27975987, 0.93889118, 6.87461342, 3.86368537, 2.52796607,
       5.28641951, 7.07146442, 4.511763  , 6.31103098, 1.72424174,
       1.32537621, 3.31153937, 1.79407693, 1.78956267, 5.9485404 ,
       3.63481268, 5.38404541, 3.69334049, 1.54360291, 5.04572685,
       4.50339493, 3.00314726, 2.27687295, 2.60846033, 4.75168375,
       0.18884484]), array([4.40364481, 1.61727125, 7.0710902 , 3.6225105 , 2.86033795,
       1.96839337, 0.40267813, 3.99112621, 3.66612426, 1.63029947,
       5.45590168, 5.5047421 , 0.21545648, 5.87316115, 3.51388617,
       4.79224963, 3.28006804, 5.65821111, 2.49437531, 3.80757512,
       4.16015254, 6.19353384, 2.91529474, 2.48620732, 3.43272883,
       0.12677438]), array([5.50402189, 5.06299651, 1.49556603, 1.54235593, 5.76442584,
       5.92257449, 5.8517428 , 1.21061991, 4.38703826, 0.77558233,
       6.15646367, 0.76478746, 3.37147536, 4.07845888, 5.1554698 ,
       1.79183343, 4.77539914, 5.21093261, 2.04176031, 0.20734858,
       1.91685755, 5.17879839, 1.62988821, 0.52766866, 2.30358255,
       5.3134335 ]), array([5.9818226 , 3.00437147, 0.52107918, 2.45964331, 6.5242004 ,
       4.32545159, 2.9400437 , 1.36979622, 1.34669059, 5.44926374,
       2.3810286 , 3.05498412, 5.98010719, 0.02059825, 5.24051764,
       5.46171898, 2.5953418 , 4.91460559, 4.37143392, 1.58993117,
       1.78948839, 5.73966013, 3.96885033, 0.89317384, 2.33391464,
       2.00712571]), array([2.78652969, 0.95946544, 3.94530427, 3.4814089 , 4.0939001 ,
       1.75913609, 4.9514272 , 5.84237456, 2.77355443, 4.88880912,
       4.04620847, 0.4795582 , 4.96069812, 2.48235243, 5.20353687,
       1.49373246, 6.96950345, 0.8983619 , 1.24226449, 2.05627238,
       0.62563659, 4.08732222, 2.05887573, 3.00314218, 3.85469874,
       3.20461766]), array([2.2626536 , 4.57254816, 3.56841931, 2.89654989, 4.46780088,
       6.03567934, 1.88598544, 2.00560471, 5.16168752, 3.6353552 ,
       6.04827543, 0.78315838, 4.87157344, 3.31530948, 5.12279771,
       5.88433347, 1.90919639, 0.63285649, 5.05414286, 0.57025232,
       2.80860468, 6.65783377, 5.77589899, 5.54284349, 2.68928974,
       3.34132224]), array([2.05706934, 2.03880472, 3.41516494, 3.38672698, 4.35862445,
       4.18820068, 0.52540134, 4.89980039, 5.44311507, 2.56671063,
       1.97368692, 4.11952155, 3.93249446, 2.33843345, 4.591349  ,
       2.44138057, 1.97133104, 4.78697432, 1.87161902, 2.27089999,
       1.33394881, 2.2666821 , 4.73523324, 0.18165396, 1.19136399,
       5.41799005]), array([6.52140341, 1.0429178 , 4.23136943, 5.57641892, 2.91656635,
       4.27642801, 3.12524956, 1.69249265, 4.49812591, 2.33437347,
       3.1347009 , 4.59226119, 5.25683418, 0.7447867 , 6.25690598,
       5.25702917, 5.86506707, 0.83990063, 6.18327489, 3.44260843,
       4.66021276, 1.59258434, 1.39636285, 3.26471634, 4.89882528,
       0.50423708]), array([-0.01939868,  5.01911942,  2.264538  ,  6.20327724,  2.32505741,
        0.50930029,  5.0354142 ,  2.6251178 ,  5.19621197,  4.57367102,
        0.53875393,  1.82204202,  1.27956471,  0.08318516,  1.08140277,
        2.39076238,  2.46926069,  2.98220247,  1.48109966,  2.89202916,
        0.30188558,  7.094859  ,  3.3657498 ,  5.83564951,  2.49873568,
        0.33875282]), array([3.5791586 , 0.2123169 , 2.75974061, 4.76252786, 1.90983255,
       0.29368792, 1.18744584, 1.4825665 , 2.4435345 , 1.50306514,
       4.8504581 , 5.82676979, 0.79057152, 6.14256919, 0.08816244,
       3.21993577, 1.99178472, 5.14687456, 4.24694258, 2.89782967,
       1.4292406 , 2.27027247, 2.95371607, 5.05818871, 4.06823381,
       2.32313644]), array([5.63875906, 3.55806403, 6.585217  , 3.38997458, 2.69861435,
       5.67787907, 2.80481668, 0.69998226, 5.80042905, 3.08293888,
       1.84121735, 3.84055813, 1.88824276, 3.24119531, 3.5457349 ,
       6.70889926, 2.13882572, 4.66939063, 0.59843047, 5.33067896,
       2.80478011, 4.24448163, 2.58046667, 3.95286158, 3.29918147,
       0.55320169]), array([3.54676543, 3.74687863, 3.36006848, 7.18323698, 3.01854044,
       4.16743226, 0.66032972, 1.23986577, 4.14339666, 1.52496489,
       1.72877228, 0.04819028, 0.17771537, 4.41006659, 1.65899011,
       2.05931791, 2.93849235, 3.39757809, 3.94944433, 2.07585814,
       0.22570903, 5.0257936 , 2.83099959, 5.00143522, 1.94373327,
       2.67142514]), array([0.67202298, 1.32762039, 3.36535393, 2.98137066, 1.15042593,
       4.57921437, 5.72466993, 3.99902236, 4.30445229, 1.57339305,
       4.53337406, 4.90405663, 0.17844651, 4.47892281, 5.70179636,
       5.17101827, 5.97838242, 5.91903504, 5.29486899, 4.12248614,
       3.0072164 , 1.87311232, 6.11431445, 0.7274599 , 1.85730892,
       4.64935405]), array([ 3.920933  ,  7.15365508,  3.1375268 ,  4.54816301,  3.63572718,
        2.0581199 ,  5.90708951,  3.69504887,  3.64685703,  0.05276237,
        4.28018   ,  5.482056  ,  3.52249198,  3.88225681,  5.85078164,
       -0.00756757,  0.50242413,  4.79977248,  1.78864038,  6.03877014,
        5.3684798 ,  4.88814752,  3.37152209,  2.9501882 ,  4.99719032,
        2.49204365]), array([2.47887717, 1.63371402, 2.5134513 , 0.9837194 , 2.16492662,
       0.77300905, 3.46436981, 4.24349007, 2.05913595, 0.01072437,
       3.78718153, 3.25452876, 4.89004319, 2.87336968, 3.44682703,
       1.05463303, 0.20548498, 2.85219479, 3.68167937, 6.96015524,
       6.22992984, 1.9095849 , 4.84151487, 5.08552641, 4.31980614,
       2.71757919]), array([3.0209331 , 2.78042918, 6.03347046, 6.03180023, 1.8013323 ,
       2.59212601, 2.98777409, 2.73313461, 5.09266841, 0.7567179 ,
       0.36855768, 5.31519133, 3.64273006, 4.59316582, 3.49210491,
       5.1367852 , 4.45952309, 0.0607998 , 3.34431562, 1.21689063,
       2.66389789, 4.90089756, 5.26161288, 3.37052645, 1.85057145,
       1.93838755]), array([3.83983732, 3.92122528, 3.85007846, 7.48064055, 1.99388455,
       1.25742153, 2.70037082, 7.05849174, 5.24604711, 4.81609119,
       3.18404331, 2.9377054 , 2.17916552, 5.99325787, 0.35704313,
       6.07648138, 5.01341599, 5.16466119, 0.53030688, 2.99268705,
       3.92348722, 4.77389046, 5.34937385, 6.87682951, 2.60590566,
       2.15836254]), array([5.4479916 , 2.06851791, 2.95671287, 5.59408253, 6.99626819,
       6.45302543, 6.05327773, 2.84963301, 1.88972991, 1.49465992,
       2.45013591, 2.11076042, 3.8340639 , 1.59629957, 1.45414295,
       1.19443171, 1.04031135, 0.61542334, 5.34323067, 4.88875993,
       1.06353695, 6.20838732, 3.97009567, 4.0500881 , 1.73962914,
       0.94126379]), array([3.85675679, 2.84778824, 3.07973544, 1.31780707, 1.90972438,
       4.84024558, 2.15633971, 0.02433092, 2.49554331, 4.42963567,
       3.95148691, 1.5007084 , 5.67537424, 4.56047307, 4.33725654,
       3.85144946, 6.03280771, 1.84706465, 2.29193035, 5.06644352,
       6.02806698, 5.06133774, 5.79369996, 5.93801398, 1.91412796,
       4.92731423]), array([6.4705518 , 5.71044104, 1.85617713, 2.92949645, 2.30703257,
       0.87472596, 0.18650908, 0.5982594 , 0.3283405 , 5.66400737,
       2.13805877, 1.37481296, 0.15843403, 0.54372958, 2.3772257 ,
       1.95507065, 5.89128942, 3.20717446, 1.83763688, 6.10200523,
       4.796847  , 2.92246277, 1.72280741, 4.11488718, 6.57309236,
       0.12842506]), array([1.62036095, 4.76230158, 5.99339062, 1.07539493, 1.2585871 ,
       4.26981226, 3.46116583, 1.96614166, 1.90311646, 0.58799053,
       5.5934501 , 4.15776346, 0.43313309, 2.98295474, 5.53684716,
       0.13468868, 3.837179  , 1.91446259, 4.79426267, 5.79845286,
       0.57618116, 2.88200318, 0.83984248, 3.08408793, 1.12157107,
       1.81569039]), array([2.04285403, 3.38909927, 6.07505356, 3.44801018, 5.88927274,
       3.56331509, 4.23989064, 5.67868544, 2.57760161, 0.53899915,
       7.27177069, 2.99844966, 2.28275468, 6.18391515, 4.15187772,
       5.59745591, 5.55293912, 3.51753387, 2.81882732, 0.56018727,
       1.16420517, 4.71486398, 2.73211991, 5.35936217, 2.75733941,
       1.46572514]), array([6.24676564, 5.51828902, 4.89779191, 1.57604104, 2.86599077,
       2.39622024, 4.48032076, 2.84774703, 3.90340468, 3.88440684,
       3.52259009, 3.25257251, 1.05097305, 5.47642214, 0.33169031,
       1.30369533, 0.08408782, 1.65101112, 3.93668242, 4.10021235,
       4.49918848, 4.21720616, 3.30291355, 5.13490552, 0.76513116,
       1.77690101]), array([2.50133168, 2.91513673, 1.36202054, 4.11933879, 0.75373028,
       2.73191285, 2.04226781, 1.52962361, 3.71159053, 0.71388647,
       5.78368363, 1.27808255, 4.06138495, 2.06532395, 1.7247685 ,
       1.26720236, 3.77865234, 2.42043987, 4.12062594, 1.54131758,
       5.11424184, 1.48907383, 5.46124254, 0.87592468, 5.24902829,
       1.18419984]), array([5.17002765, 5.15946432, 3.46858247, 4.48168865, 7.02143009,
       3.25943925, 5.24237132, 6.22643045, 2.49976081, 2.55876615,
       3.30143092, 3.97451036, 2.50299625, 4.3270081 , 2.03625296,
       3.75690323, 0.78760227, 4.24622931, 4.41000445, 5.72171264,
       1.31014184, 4.59783035, 2.6534147 , 5.69053701, 2.82686147,
       3.73530499]), array([5.7377356 , 6.86756103, 2.74400327, 3.40184111, 1.60932375,
       0.49545301, 1.55674494, 3.84027546, 3.65000122, 1.66632636,
       6.2275713 , 0.20593997, 4.84100152, 1.19598698, 4.2244483 ,
       4.63259326, 6.92552129, 0.85364951, 4.79014681, 3.65998974,
       3.80977642, 3.42256822, 3.480473  , 3.77478828, 4.83189509,
       5.11434971]), array([5.22800562, 5.59666461, 6.90248678, 4.49463981, 3.05933361,
       1.59690523, 3.22440859, 5.97113865, 3.90002679, 1.6562036 ,
       1.61637205, 4.35003528, 5.39571864, 2.33155568, 2.22183099,
       4.53843519, 5.95820995, 5.1761535 , 5.07767977, 4.37905004,
       4.08351098, 3.69779835, 1.90103036, 4.11920787, 2.10818482,
       4.47802348]), array([2.77627456, 3.9708312 , 1.67332622, 0.81675065, 3.49389721,
       5.19828215, 5.0654998 , 0.87181578, 1.0448567 , 5.22210367,
       5.98193338, 6.26686681, 3.02843461, 5.56233412, 5.15126891,
       3.23887807, 5.69234659, 3.42248474, 5.04224562, 5.12192406,
       6.08390756, 0.75072885, 2.17621655, 3.74983466, 1.34034943,
       0.1292214 ]), array([6.18367741, 2.75710108, 5.18555033, 4.87172044, 7.03759053,
       4.67492182, 6.18411177, 1.01172653, 0.12702832, 2.86163668,
       3.18873447, 5.71522828, 5.57714451, 2.98308904, 5.91380655,
       4.87045375, 2.95172899, 4.58570175, 5.52426702, 1.29205251,
       5.57447012, 0.96334217, 4.89423029, 6.172812  , 0.570452  ,
       4.12411257]), array([5.35030409, 0.2151361 , 0.77117357, 2.9855728 , 1.33260508,
       1.76452405, 4.31348242, 2.31653487, 5.13532257, 3.04235732,
       2.52994627, 0.76593408, 0.57695128, 2.46919822, 4.53597088,
       6.42619907, 4.72984966, 3.12586874, 1.88158665, 3.37787008,
       5.15890781, 3.30749281, 5.63358356, 2.88937056, 1.70119148,
       4.80370408]), array([ 2.28158783,  3.92402095,  4.84718225, -0.09406161,  2.76963406,
        1.17384353,  5.72251586,  3.88608517,  4.3427365 ,  5.65111783,
        3.07934863,  0.08813515,  0.61956132,  0.72144565,  3.73918107,
        3.48190092,  4.33201542,  4.21623881,  5.93905109,  1.14683091,
        5.77926493,  1.6162368 ,  2.01052508,  2.80627576,  3.42458783,
        2.02127446]), array([6.14608782, 6.22683043, 4.80168493, 1.93789426, 2.5794148 ,
       5.18124088, 2.10661459, 3.63026056, 1.07413439, 3.55223021,
       1.78461525, 4.07864324, 0.90067177, 5.57018369, 2.3985029 ,
       4.1028455 , 0.02678365, 0.61985764, 4.88147841, 3.59618636,
       3.86334487, 0.78852337, 4.30251911, 2.63794554, 5.06563233,
       5.00998596]), array([3.99131327, 3.74782583, 2.23404943, 1.60013785, 0.33275637,
       2.54725167, 0.63188236, 1.35137128, 5.01135282, 4.09899622,
       3.93550191, 4.79963198, 6.27394231, 1.54567559, 3.61898443,
       0.774651  , 1.28829144, 1.45294045, 2.19502247, 4.25457055,
       6.80107393, 4.86896785, 2.42852488, 4.60065449, 3.22334419,
       2.6947964 ]), array([4.26594824, 2.01108553, 4.57935958, 1.22531511, 2.39549292,
       4.73666197, 3.84839014, 5.62286789, 5.47244912, 5.2676993 ,
       0.78595878, 3.43293268, 6.19504945, 1.99195684, 2.09471682,
       4.17410407, 0.37718314, 2.57276673, 1.13769619, 0.84793546,
       3.14030552, 4.39371227, 3.27922223, 2.98469883, 5.33535103,
       2.45921855]), array([3.71397962, 0.36190511, 1.13166779, 1.90712532, 4.81812359,
       0.8333754 , 3.72598328, 2.0059584 , 5.32348038, 1.67259924,
       2.1335489 , 1.97247864, 7.03994963, 3.098829  , 1.64327638,
       4.16583405, 6.24786657, 1.55032119, 5.57055694, 5.6634234 ,
       4.40936848, 5.22454055, 1.32252018, 4.06503149, 5.44510014,
       0.8132109 ]), array([4.45139547, 6.75999441, 3.08714821, 3.94404361, 3.1944423 ,
       1.12260603, 3.73242836, 4.61922877, 0.21326538, 1.26198967,
       5.94201508, 5.86345035, 0.98598803, 5.56292637, 2.34879979,
       0.64486325, 3.96353961, 1.8488813 , 4.78792519, 4.46510396,
       3.48974638, 2.24768692, 2.35079575, 5.39235022, 4.46014586,
       4.41085091]), array([4.6727167 , 4.9998065 , 7.12713327, 0.01374957, 3.48973276,
       5.0303711 , 0.55683534, 3.70711995, 5.58542102, 3.77993122,
       1.51329844, 2.19082561, 2.60144148, 2.22814082, 3.80833439,
       4.21051796, 6.74447364, 4.51846552, 5.39172735, 3.67710361,
       2.15285055, 6.28776268, 1.99040429, 2.69898545, 3.46052471,
       3.55772509]), array([-0.35035495,  3.12344418,  3.98735966,  5.89854215,  2.93895769,
        2.68293355,  2.93698984,  1.61916381,  5.34934688,  5.4665635 ,
        4.93264788,  2.20663819,  5.70569873,  0.57015652,  3.63013883,
        0.83110075,  0.89361667,  2.0683121 ,  3.00541841,  4.00507674,
        3.76222294,  6.09472254,  4.9237086 ,  4.47140097,  5.47464159,
        0.05612243]), array([1.13871944, 3.34167319, 2.15771555, 0.36795249, 4.40922333,
       5.14028196, 2.53155247, 3.68465439, 7.00603797, 3.14240312,
       1.46741675, 2.57121831, 0.93767358, 4.0037551 , 1.20412825,
       5.38113731, 1.58150994, 6.24175347, 1.02230265, 0.1079436 ,
       4.40320554, 2.37245586, 0.38805567, 0.1667959 , 4.15926902,
       2.84779027]), array([4.44486068, 2.21794946, 3.21720713, 6.7933842 , 4.24805521,
       0.39656877, 4.84065045, 6.45015663, 3.07938948, 4.94994999,
       5.50316193, 1.10194141, 2.96885206, 3.76383234, 0.42164379,
       0.66135086, 4.10821728, 3.03695266, 5.96070263, 0.9973146 ,
       3.53267136, 3.04707462, 5.29892728, 2.35677855, 4.25793717,
       2.48378203])]","[75.03426766395569, 70.72471761703491, 87.7186348438263, 49.07690715789795, 57.62729501724243, 65.58403515815735, 57.902193784713745, 49.01885795593262, 61.36957764625549, 74.3641836643219, 53.70455574989319, 50.95208764076233, 51.11494207382202, 53.419137477874756, 68.37440657615662, 45.84881854057312, 50.888816833496094, 56.5718936920166, 53.14151072502136, 47.18786931037903, 75.24837493896484, 53.44924330711365, 53.81588268280029, 57.540953159332275, 88.85424637794495, 56.19285535812378, 75.40139889717102, 87.75300788879395, 66.98853182792664, 76.35291385650635, 52.35654401779175, 73.42511463165283, 50.36520719528198, 90.33397126197815, 79.23892307281494, 87.26156425476074, 87.89041018486023, 69.13467693328857, 57.875885248184204, 58.83913326263428, 65.13596272468567, 65.16485548019409, 76.56776452064514, 86.71100902557373, 64.87072110176086, 53.38998985290527, 88.15077209472656, 62.51362729072571, 90.33255648612976, 62.43290901184082, 49.737396478652954, 86.5880753993988, 48.73109436035156, 61.10642123222351, 51.90272259712219, 87.22708034515381, 47.43545913696289, 64.72803950309753, 88.42672371864319, 72.75510501861572, 73.4365484714508, 48.57131385803223, 45.617536783218384, 72.75830030441284, 49.88307476043701, 51.68795084953308, 54.22968816757202, 87.35725021362305, 55.30079770088196, 68.92631435394287, 57.87162375450134, 88.02262735366821, 49.76832938194275, 87.6593074798584, 50.239205837249756, 53.85873460769653, 51.04558515548706, 69.53495693206787, 62.74094319343567, 63.05574560165405, 58.14260268211365, 75.85684657096863, 58.44736957550049, 53.01421904563904, 58.22565722465515, 52.74078130722046, 91.11217999458313, 57.49815106391907, 53.025845527648926, 64.31317782402039, 46.024927377700806, 68.18741297721863, 53.71992063522339, 54.758604764938354, 84.18740272521973, 76.03260612487793, 53.73000693321228, 60.75676703453064, 67.88679099082947, 77.42001748085022]"
